%YAML:1.0
---
calibration_time: "Fri Dec 20 12:46:32 2019"
image_width: 640
image_height: 480
board_width: 6
board_height: 8
square_size: 2.5500000000000000e+01
aspectRatio: 1.
flags: 2
camera_matrix: !!opencv-matrix
   rows: 3
   cols: 3
   dt: d
   data: [ 6.3558620630096607e+02, 0., 3.3145245292693016e+02, 0.,
       6.3558620630096607e+02, 2.3009181964267063e+02, 0., 0., 1. ]
distortion_coefficients: !!opencv-matrix
   rows: 5
   cols: 1
   dt: d
   data: [ 1.4076104757034691e-01, 2.3560050009259906e-01,
       -5.6590155659504045e-03, 9.8063420388187113e-03,
       -1.6179608775019385e+00 ]
avg_reprojection_error: 8.7157354679460197e-01
image_points: !!opencv-matrix
   rows: 51
   cols: 48
   dt: "2f"
   data: [ 3.82634796e+02, 7.35322037e+01, 3.85547333e+02,
       1.12634804e+02, 3.88843506e+02, 1.52063828e+02, 3.92158966e+02,
       1.91654404e+02, 3.95789368e+02, 2.31693726e+02, 3.99925415e+02,
       2.72275269e+02, 3.43013031e+02, 7.55068283e+01, 3.46137299e+02,
       1.14639557e+02, 3.48929138e+02, 1.54183472e+02, 3.52219330e+02,
       1.93761459e+02, 3.55744507e+02, 2.33722275e+02, 3.59349487e+02,
       2.74735809e+02, 3.03281830e+02, 7.69174271e+01, 3.06051758e+02,
       1.16188240e+02, 3.08791504e+02, 1.56201431e+02, 3.11743866e+02,
       1.95653015e+02, 3.14816650e+02, 2.36364670e+02, 3.18078827e+02,
       2.77284698e+02, 2.62995087e+02, 7.82633057e+01, 2.65557587e+02,
       1.17954803e+02, 2.68119751e+02, 1.58143555e+02, 2.70669281e+02,
       1.98605804e+02, 2.73321625e+02, 2.39093826e+02, 2.76258759e+02,
       2.80429596e+02, 2.21752350e+02, 7.96456833e+01, 2.24466965e+02,
       1.19948761e+02, 2.27004196e+02, 1.60430603e+02, 2.29308746e+02,
       2.00805466e+02, 2.31524689e+02, 2.41792740e+02, 2.33576889e+02,
       2.83466644e+02, 1.79939682e+02, 8.05855179e+01, 1.82517273e+02,
       1.21408844e+02, 1.84791061e+02, 1.62162521e+02, 1.86800003e+02,
       2.02921463e+02, 1.88534180e+02, 2.44254028e+02, 1.90297974e+02,
       2.86339813e+02, 1.37415359e+02, 8.16092224e+01, 1.39622101e+02,
       1.22692856e+02, 1.41665604e+02, 1.63910599e+02, 1.43346786e+02,
       2.05228561e+02, 1.44491486e+02, 2.46785278e+02, 1.45417297e+02,
       2.89428986e+02, 9.41556473e+01, 8.27922516e+01, 9.60772400e+01,
       1.24150841e+02, 9.78371429e+01, 1.65659134e+02, 9.86218948e+01,
       2.07130585e+02, 9.93056259e+01, 2.49486969e+02, 9.98382645e+01,
       2.92801605e+02, 3.92453857e+02, 6.95806732e+01, 3.92604004e+02,
       1.14360535e+02, 3.93230255e+02, 1.57709854e+02, 3.93650177e+02,
       2.00391602e+02, 3.94607330e+02, 2.42354355e+02, 3.96080200e+02,
       2.84055328e+02, 3.49386414e+02, 7.04139862e+01, 3.50414978e+02,
       1.15403839e+02, 3.51190308e+02, 1.58859207e+02, 3.52304169e+02,
       2.01822922e+02, 3.53741058e+02, 2.44466980e+02, 3.55189545e+02,
       2.86288879e+02, 3.05738556e+02, 7.07177048e+01, 3.07392151e+02,
       1.16101097e+02, 3.08554871e+02, 1.60268127e+02, 3.10228149e+02,
       2.03492859e+02, 3.11749786e+02, 2.46298889e+02, 3.13618958e+02,
       2.88926361e+02, 2.61544891e+02, 7.10786819e+01, 2.63568085e+02,
       1.16836784e+02, 2.65449188e+02, 1.61471893e+02, 2.67304230e+02,
       2.05090912e+02, 2.68957886e+02, 2.48271622e+02, 2.70876709e+02,
       2.90998047e+02, 2.16295486e+02, 7.14649887e+01, 2.18816849e+02,
       1.17559006e+02, 2.21370514e+02, 1.62637024e+02, 2.23503204e+02,
       2.06592468e+02, 2.25565399e+02, 2.50226166e+02, 2.27553543e+02,
       2.93363586e+02, 1.69672409e+02, 7.14755249e+01, 1.73052734e+02,
       1.18202621e+02, 1.75938370e+02, 1.63630737e+02, 1.78656143e+02,
       2.08401871e+02, 1.80907013e+02, 2.52507477e+02, 1.83045776e+02,
       2.96295746e+02, 1.22237854e+02, 7.15282593e+01, 1.25714928e+02,
       1.18682678e+02, 1.29340454e+02, 1.64743225e+02, 1.32234543e+02,
       2.10054459e+02, 1.34625473e+02, 2.54908417e+02, 1.36876862e+02,
       2.99454926e+02, 7.36854706e+01, 7.18261566e+01, 7.77190247e+01,
       1.19443764e+02, 8.16137085e+01, 1.65941238e+02, 8.45494003e+01,
       2.11664841e+02, 8.70390930e+01, 2.57403107e+02, 8.95944672e+01,
       3.02334076e+02, 3.94797791e+02, 6.88706207e+01, 3.93488220e+02,
       1.15468040e+02, 3.92564026e+02, 1.59671143e+02, 3.91709106e+02,
       2.02114090e+02, 3.91425659e+02, 2.43203568e+02, 3.91399994e+02,
       2.83325317e+02, 3.49639832e+02, 6.97796097e+01, 3.49703247e+02,
       1.16798302e+02, 3.49639709e+02, 1.61320465e+02, 3.49920715e+02,
       2.04125458e+02, 3.50568787e+02, 2.45969757e+02, 3.51131927e+02,
       2.85974640e+02, 3.04299652e+02, 7.07721939e+01, 3.05398651e+02,
       1.18316864e+02, 3.06380371e+02, 1.62859406e+02, 3.07486938e+02,
       2.06426788e+02, 3.08692352e+02, 2.48257965e+02, 3.10256409e+02,
       2.89553131e+02, 2.57701782e+02, 7.15612259e+01, 2.60225159e+02,
       1.19548843e+02, 2.62174683e+02, 1.64611374e+02, 2.64190002e+02,
       2.08021973e+02, 2.66049805e+02, 2.50463150e+02, 2.68168732e+02,
       2.91532501e+02, 2.10111694e+02, 7.23013611e+01, 2.13633972e+02,
       1.20461227e+02, 2.17005936e+02, 1.66292923e+02, 2.19833084e+02,
       2.10142548e+02, 2.22689468e+02, 2.52751358e+02, 2.25358170e+02,
       2.94164368e+02, 1.61129349e+02, 7.28493423e+01, 1.66143326e+02,
       1.21595642e+02, 1.70606827e+02, 1.67997940e+02, 1.74612396e+02,
       2.12606888e+02, 1.78166550e+02, 2.55920441e+02, 1.81433167e+02,
       2.97846497e+02, 1.11246674e+02, 7.35970917e+01, 1.17074730e+02,
       1.22713554e+02, 1.22686485e+02, 1.69635193e+02, 1.27598366e+02,
       2.14920578e+02, 1.31951782e+02, 2.59035675e+02, 1.36001968e+02,
       3.01740723e+02, 6.02114906e+01, 7.47540588e+01, 6.72801056e+01,
       1.24234840e+02, 7.38300552e+01, 1.71511505e+02, 7.94307632e+01,
       2.17502762e+02, 8.44867020e+01, 2.62280396e+02, 8.94270325e+01,
       3.05157990e+02, 3.99184753e+02, 6.83877411e+01, 3.95298004e+02,
       1.13726875e+02, 3.91757263e+02, 1.56879013e+02, 3.88598633e+02,
       1.97778854e+02, 3.85899353e+02, 2.37468445e+02, 3.83583832e+02,
       2.75774536e+02, 3.54774414e+02, 6.70712891e+01, 3.52399597e+02,
       1.13222191e+02, 3.49841339e+02, 1.56367767e+02, 3.47806458e+02,
       1.97830170e+02, 3.46352844e+02, 2.38430725e+02, 3.44526794e+02,
       2.76716888e+02, 3.10150421e+02, 6.57581024e+01, 3.08825409e+02,
       1.12446465e+02, 3.07463837e+02, 1.55922165e+02, 3.06471771e+02,
       1.98217606e+02, 3.05533630e+02, 2.38565689e+02, 3.04769653e+02,
       2.78471954e+02, 2.64427673e+02, 6.44127579e+01, 2.64439606e+02,
       1.11497543e+02, 2.64277954e+02, 1.55591660e+02, 2.63945831e+02,
       1.97618118e+02, 2.63826294e+02, 2.38703598e+02, 2.63871399e+02,
       2.78405212e+02, 2.17419968e+02, 6.26194038e+01, 2.18664932e+02,
       1.10153885e+02, 2.19891434e+02, 1.54836456e+02, 2.20791687e+02,
       1.97616074e+02, 2.21604187e+02, 2.39007965e+02, 2.22328751e+02,
       2.78849609e+02, 1.69261688e+02, 6.11174355e+01, 1.71974472e+02,
       1.09178619e+02, 1.74413910e+02, 1.54523285e+02, 1.76439743e+02,
       1.98067368e+02, 1.78134857e+02, 2.40214081e+02, 1.79537781e+02,
       2.80583435e+02, 1.19784584e+02, 5.94653015e+01, 1.23723076e+02,
       1.07854088e+02, 1.27432533e+02, 1.53820007e+02, 1.30459732e+02,
       1.98280640e+02, 1.33134842e+02, 2.41026459e+02, 1.35256104e+02,
       2.82442780e+02, 6.94559631e+01, 5.81690559e+01, 7.45401840e+01,
       1.06921333e+02, 7.93827744e+01, 1.53421585e+02, 8.31806030e+01,
       1.98457321e+02, 8.65768509e+01, 2.41929672e+02, 8.99013672e+01,
       2.83445923e+02, 3.96964020e+02, 6.00930595e+01, 3.96806793e+02,
       1.09265366e+02, 3.97084625e+02, 1.56236435e+02, 3.97339478e+02,
       2.01322464e+02, 3.97502380e+02, 2.45195297e+02, 3.97886993e+02,
       2.88132874e+02, 3.49324158e+02, 6.20821381e+01, 3.50359100e+02,
       1.10816811e+02, 3.51364807e+02, 1.57322968e+02, 3.52358276e+02,
       2.02259399e+02, 3.53327271e+02, 2.46357346e+02, 3.54255646e+02,
       2.88657043e+02, 3.02208496e+02, 6.38807297e+01, 3.04162476e+02,
       1.12460747e+02, 3.06315674e+02, 1.58482635e+02, 3.07758942e+02,
       2.03400528e+02, 3.09527557e+02, 2.46829147e+02, 3.10648346e+02,
       2.89895599e+02, 2.55576248e+02, 6.54625931e+01, 2.58594086e+02,
       1.13740524e+02, 2.61528992e+02, 1.59651001e+02, 2.64311066e+02,
       2.03933136e+02, 2.66196716e+02, 2.47430756e+02, 2.68311340e+02,
       2.89737701e+02, 2.09278992e+02, 6.70165329e+01, 2.13586899e+02,
       1.14809952e+02, 2.17460831e+02, 1.60716476e+02, 2.20733627e+02,
       2.04894577e+02, 2.23515900e+02, 2.48134201e+02, 2.25813400e+02,
       2.90241821e+02, 1.62949753e+02, 6.85238876e+01, 1.68342834e+02,
       1.16232330e+02, 1.73061417e+02, 1.61815735e+02, 1.77069229e+02,
       2.06198090e+02, 1.80111328e+02, 2.49378067e+02, 1.82932404e+02,
       2.91487854e+02, 1.17171974e+02, 6.98275681e+01, 1.23117592e+02,
       1.17401733e+02, 1.28646942e+02, 1.62830978e+02, 1.33134369e+02,
       2.07316101e+02, 1.36627716e+02, 2.50484756e+02, 1.39787720e+02,
       2.92746399e+02, 7.15674133e+01, 7.16439590e+01, 7.82876511e+01,
       1.18591553e+02, 8.46527557e+01, 1.63921005e+02, 8.91442490e+01,
       2.08272766e+02, 9.31673584e+01, 2.51570068e+02, 9.72666855e+01,
       2.93528473e+02, 4.16442230e+02, 6.75910492e+01, 4.16837128e+02,
       1.11487770e+02, 4.17481293e+02, 1.53830002e+02, 4.18165192e+02,
       1.94847870e+02, 4.18543091e+02, 2.35025742e+02, 4.19164673e+02,
       2.74518555e+02, 3.74015778e+02, 7.04922485e+01, 3.75357056e+02,
       1.13649574e+02, 3.76430328e+02, 1.55273102e+02, 3.77499054e+02,
       1.95614105e+02, 3.78459045e+02, 2.35482986e+02, 3.79473145e+02,
       2.74164398e+02, 3.32671143e+02, 7.32540970e+01, 3.34453827e+02,
       1.15555122e+02, 3.36554962e+02, 1.56518387e+02, 3.37967438e+02,
       1.96469589e+02, 3.39570831e+02, 2.35511490e+02, 3.40326965e+02,
       2.74329712e+02, 2.92853729e+02, 7.55473557e+01, 2.95449860e+02,
       1.17523109e+02, 2.97814636e+02, 1.57706238e+02, 3.00337646e+02,
       1.96923782e+02, 3.01598175e+02, 2.35579544e+02, 3.03359924e+02,
       2.73486908e+02, 2.53948517e+02, 7.79275970e+01, 2.57380890e+02,
       1.19334023e+02, 2.60519226e+02, 1.58886215e+02, 2.63139801e+02,
       1.97571564e+02, 2.65258820e+02, 2.35620895e+02, 2.66729828e+02,
       2.73118134e+02, 2.15695587e+02, 8.02213821e+01, 2.19868500e+02,
       1.20731232e+02, 2.23450836e+02, 1.60344574e+02, 2.26343735e+02,
       1.98551056e+02, 2.28455994e+02, 2.36338409e+02, 2.30570786e+02,
       2.73284332e+02, 1.78402420e+02, 8.20930405e+01, 1.83186386e+02,
       1.22459351e+02, 1.87392700e+02, 1.61348099e+02, 1.90504074e+02,
       1.99415894e+02, 1.92839386e+02, 2.36542770e+02, 1.94817368e+02,
       2.73414978e+02, 1.41588028e+02, 8.42077637e+01, 1.46886368e+02,
       1.23675003e+02, 1.51801575e+02, 1.62310928e+02, 1.54917404e+02,
       1.99870667e+02, 1.57588318e+02, 2.37063858e+02, 1.60459793e+02,
       2.73221100e+02, 4.29496185e+02, 6.16826363e+01, 4.29232330e+02,
       1.07650040e+02, 4.28820831e+02, 1.52367691e+02, 4.28589386e+02,
       1.95306442e+02, 4.28218140e+02, 2.37245621e+02, 4.27442139e+02,
       2.78398529e+02, 3.86240448e+02, 6.45765381e+01, 3.86494293e+02,
       1.09510162e+02, 3.86747314e+02, 1.52504211e+02, 3.87121765e+02,
       1.94500290e+02, 3.86678711e+02, 2.35712479e+02, 3.86670166e+02,
       2.75850403e+02, 3.44613525e+02, 6.72914124e+01, 3.45398010e+02,
       1.10746353e+02, 3.46737244e+02, 1.52870392e+02, 3.47245605e+02,
       1.93952164e+02, 3.47646881e+02, 2.34232559e+02, 3.47112030e+02,
       2.74021332e+02, 3.05329681e+02, 6.94696808e+01, 3.06761963e+02,
       1.12376938e+02, 3.08559967e+02, 1.53403992e+02, 3.10273499e+02,
       1.93373199e+02, 3.10422180e+02, 2.32656189e+02, 3.10758362e+02,
       2.71337067e+02, 2.67591278e+02, 7.17383804e+01, 2.70188202e+02,
       1.13436089e+02, 2.72476013e+02, 1.53570755e+02, 2.74182190e+02,
       1.92635895e+02, 2.74962341e+02, 2.31370895e+02, 2.75467987e+02,
       2.68977203e+02, 2.31179596e+02, 7.35283508e+01, 2.34447113e+02,
       1.14545067e+02, 2.37054352e+02, 1.53837601e+02, 2.38709549e+02,
       1.92490891e+02, 2.39562668e+02, 2.30273697e+02, 2.40585663e+02,
       2.67435150e+02, 1.96111786e+02, 7.54334412e+01, 1.99866180e+02,
       1.15517952e+02, 2.03224274e+02, 1.54238205e+02, 2.05165604e+02,
       1.91836273e+02, 2.06314499e+02, 2.29275345e+02, 2.06764648e+02,
       2.65710999e+02, 1.62087311e+02, 7.71127853e+01, 1.66462738e+02,
       1.16384300e+02, 1.70240738e+02, 1.54410980e+02, 1.72187134e+02,
       1.91522339e+02, 1.73445343e+02, 2.28050705e+02, 1.75242935e+02,
       2.63780823e+02, 3.23431091e+02, 9.81146317e+01, 3.24574280e+02,
       1.32548508e+02, 3.26151306e+02, 1.66734604e+02, 3.27653320e+02,
       2.00655075e+02, 3.29908478e+02, 2.34682251e+02, 3.32834595e+02,
       2.68417419e+02, 2.93424561e+02, 9.59548035e+01, 2.95380463e+02,
       1.31511688e+02, 2.96640717e+02, 1.66651825e+02, 2.98611847e+02,
       2.01632614e+02, 3.01815704e+02, 2.36528824e+02, 3.04336365e+02,
       2.71390137e+02, 2.62265259e+02, 9.34402313e+01, 2.64458008e+02,
       1.30104706e+02, 2.65587006e+02, 1.66586548e+02, 2.68345093e+02,
       2.02505112e+02, 2.70830505e+02, 2.38691162e+02, 2.74733948e+02,
       2.74523560e+02, 2.28688522e+02, 9.05788269e+01, 2.30852402e+02,
       1.28626526e+02, 2.32701462e+02, 1.66473007e+02, 2.34552216e+02,
       2.03795044e+02, 2.37737595e+02, 2.41019028e+02, 2.41057999e+02,
       2.78140594e+02, 1.92465088e+02, 8.75723419e+01, 1.94594543e+02,
       1.27322540e+02, 1.96740402e+02, 1.66394226e+02, 1.99300980e+02,
       2.05099731e+02, 2.02361526e+02, 2.43518143e+02, 2.05557556e+02,
       2.81847687e+02, 1.54005325e+02, 8.42079163e+01, 1.56341614e+02,
       1.25425323e+02, 1.58768738e+02, 1.65918289e+02, 1.61676804e+02,
       2.06179550e+02, 1.65163727e+02, 2.46104019e+02, 1.68376877e+02,
       2.86057770e+02, 1.12391533e+02, 8.06330185e+01, 1.14673386e+02,
       1.23399773e+02, 1.17301430e+02, 1.65566605e+02, 1.20510880e+02,
       2.07421616e+02, 1.24002617e+02, 2.49013794e+02, 1.27744362e+02,
       2.90594025e+02, 6.78383255e+01, 7.70737991e+01, 7.01714554e+01,
       1.21390236e+02, 7.27361374e+01, 1.65295410e+02, 7.61738586e+01,
       2.08604828e+02, 7.95917511e+01, 2.52248734e+02, 8.28529282e+01,
       2.95625061e+02, 3.50512756e+02, 8.94764328e+01, 3.54009125e+02,
       1.27302368e+02, 3.57851715e+02, 1.64599991e+02, 3.61818481e+02,
       2.01909668e+02, 3.66706757e+02, 2.39301163e+02, 3.72416565e+02,
       2.76449066e+02, 3.18030090e+02, 8.83703003e+01, 3.22337433e+02,
       1.27232910e+02, 3.26108887e+02, 1.65638794e+02, 3.30618561e+02,
       2.04247238e+02, 3.36524445e+02, 2.42539322e+02, 3.41551392e+02,
       2.81190430e+02, 2.84181732e+02, 8.65877228e+01, 2.88830383e+02,
       1.26598076e+02, 2.92507507e+02, 1.66839767e+02, 2.97706787e+02,
       2.06453506e+02, 3.02881683e+02, 2.46416962e+02, 3.09675598e+02,
       2.86181946e+02, 2.47685226e+02, 8.46661453e+01, 2.52372742e+02,
       1.26549088e+02, 2.56583832e+02, 1.68189072e+02, 2.60859131e+02,
       2.09524673e+02, 2.66721680e+02, 2.50545425e+02, 2.72722229e+02,
       2.91865356e+02, 2.08073517e+02, 8.26739502e+01, 2.12652283e+02,
       1.26449287e+02, 2.17343124e+02, 1.69556808e+02, 2.22300568e+02,
       2.12426636e+02, 2.28067932e+02, 2.55155518e+02, 2.33994690e+02,
       2.97986511e+02, 1.65678009e+02, 8.03106461e+01, 1.70500839e+02,
       1.25699890e+02, 1.75558060e+02, 1.70639420e+02, 1.81121338e+02,
       2.15313110e+02, 1.87169052e+02, 2.59697723e+02, 1.93175110e+02,
       3.04560394e+02, 1.19450790e+02, 7.76483612e+01, 1.24407402e+02,
       1.25133530e+02, 1.29589157e+02, 1.72042053e+02, 1.35423660e+02,
       2.18534576e+02, 1.41610657e+02, 2.65054382e+02, 1.48154144e+02,
       3.11812927e+02, 6.96213303e+01, 7.51987457e+01, 7.45075302e+01,
       1.24453720e+02, 7.96844940e+01, 1.73452393e+02, 8.56563797e+01,
       2.21916046e+02, 9.18628387e+01, 2.70762268e+02, 9.77382050e+01,
       3.20114410e+02, 3.46519196e+02, 8.96348572e+01, 3.49347534e+02,
       1.28089584e+02, 3.52449768e+02, 1.65820023e+02, 3.55660797e+02,
       2.03471039e+02, 3.59727081e+02, 2.40862579e+02, 3.64667603e+02,
       2.78125092e+02, 3.14294922e+02, 8.84393539e+01, 3.17835693e+02,
       1.27881058e+02, 3.20939911e+02, 1.67146240e+02, 3.24783661e+02,
       2.05887177e+02, 3.30124176e+02, 2.44470917e+02, 3.34403473e+02,
       2.83136383e+02, 2.80571533e+02, 8.65579910e+01, 2.84703827e+02,
       1.27545723e+02, 2.87620514e+02, 1.68401291e+02, 2.92345947e+02,
       2.08408051e+02, 2.96808716e+02, 2.48579559e+02, 3.03122437e+02,
       2.88523956e+02, 2.44106247e+02, 8.46374893e+01, 2.48288132e+02,
       1.27477455e+02, 2.51903427e+02, 1.69560074e+02, 2.55589828e+02,
       2.11545166e+02, 2.61029388e+02, 2.53066589e+02, 2.66471466e+02,
       2.94525238e+02, 2.04236008e+02, 8.24952316e+01, 2.08404160e+02,
       1.27309731e+02, 2.12600601e+02, 1.71302292e+02, 2.17100555e+02,
       2.14615662e+02, 2.22414841e+02, 2.57804352e+02, 2.27922516e+02,
       3.00980042e+02, 1.61410645e+02, 7.98953171e+01, 1.65865479e+02,
       1.26594070e+02, 1.70601807e+02, 1.72499847e+02, 1.75800415e+02,
       2.17865250e+02, 1.81613693e+02, 2.62951355e+02, 1.87236511e+02,
       3.08194244e+02, 1.14490898e+02, 7.72927475e+01, 1.19270493e+02,
       1.25891029e+02, 1.24269020e+02, 1.73951920e+02, 1.29829254e+02,
       2.21492157e+02, 1.35926987e+02, 2.68702850e+02, 1.42275223e+02,
       3.16173279e+02, 6.37356529e+01, 7.45159378e+01, 6.85177536e+01,
       1.25401215e+02, 7.35981674e+01, 1.75616501e+02, 7.96532211e+01,
       2.25363281e+02, 8.57858582e+01, 2.75186493e+02, 9.16365433e+01,
       3.24882416e+02, 3.74796906e+02, 9.15784836e+01, 3.76723816e+02,
       1.28476501e+02, 3.78939514e+02, 1.65104614e+02, 3.81281128e+02,
       2.01374985e+02, 3.84391754e+02, 2.37597534e+02, 3.88208862e+02,
       2.73710052e+02, 3.42333496e+02, 9.04779739e+01, 3.44775421e+02,
       1.28338943e+02, 3.46890076e+02, 1.65529861e+02, 3.49725616e+02,
       2.02783951e+02, 3.53706665e+02, 2.39908279e+02, 3.57027466e+02,
       2.77274200e+02, 3.08630646e+02, 8.87925949e+01, 3.11594177e+02,
       1.27514191e+02, 3.13520081e+02, 1.66255737e+02, 3.16967865e+02,
       2.04318436e+02, 3.20330261e+02, 2.42641846e+02, 3.24947418e+02,
       2.80790497e+02, 2.73155151e+02, 8.71105881e+01, 2.75883606e+02,
       1.27263321e+02, 2.78381409e+02, 1.66698364e+02, 2.80927887e+02,
       2.06295868e+02, 2.84736023e+02, 2.45500061e+02, 2.88757782e+02,
       2.84797577e+02, 2.34971527e+02, 8.53504410e+01, 2.37709076e+02,
       1.26634743e+02, 2.40543182e+02, 1.67553528e+02, 2.43637329e+02,
       2.08212311e+02, 2.47357269e+02, 2.48611069e+02, 2.51235535e+02,
       2.89144684e+02, 1.94700577e+02, 8.29352341e+01, 1.97687653e+02,
       1.25775513e+02, 2.00892471e+02, 1.68242844e+02, 2.04450226e+02,
       2.09890289e+02, 2.08351044e+02, 2.51648865e+02, 2.12169022e+02,
       2.93615295e+02, 1.51482422e+02, 8.04748001e+01, 1.54681992e+02,
       1.24798813e+02, 1.58100998e+02, 1.68591354e+02, 1.61774536e+02,
       2.11839035e+02, 1.65810638e+02, 2.55245026e+02, 1.70011383e+02,
       2.98573761e+02, 1.05390015e+02, 7.79117813e+01, 1.08598297e+02,
       1.23663551e+02, 1.12071198e+02, 1.69200043e+02, 1.16152435e+02,
       2.13856674e+02, 1.19955482e+02, 2.58969055e+02, 1.23623459e+02,
       3.04188232e+02, 4.49675079e+02, 8.68329620e+01, 4.44273376e+02,
       1.26375381e+02, 4.39268677e+02, 1.63588516e+02, 4.34694183e+02,
       1.99151642e+02, 4.30715302e+02, 2.33355347e+02, 4.27522064e+02,
       2.66497040e+02, 4.10554413e+02, 8.60059891e+01, 4.06399719e+02,
       1.25763863e+02, 4.02382660e+02, 1.63344711e+02, 3.98884094e+02,
       1.99250290e+02, 3.96315491e+02, 2.34220261e+02, 3.93373322e+02,
       2.67223175e+02, 3.71258240e+02, 8.54531708e+01, 3.68394653e+02,
       1.25536621e+02, 3.65210510e+02, 1.63011353e+02, 3.62829071e+02,
       1.99503036e+02, 3.60665985e+02, 2.34385345e+02, 3.58950470e+02,
       2.68603577e+02, 3.31553741e+02, 8.44970627e+01, 3.29562408e+02,
       1.24951775e+02, 3.27548859e+02, 1.62752365e+02, 3.25698486e+02,
       1.98824936e+02, 3.24452209e+02, 2.34416061e+02, 3.23380402e+02,
       2.68417999e+02, 2.90944031e+02, 8.35320282e+01, 2.90030060e+02,
       1.24135406e+02, 2.89328949e+02, 1.62380737e+02, 2.88470520e+02,
       1.98840591e+02, 2.87792542e+02, 2.34483566e+02, 2.87380432e+02,
       2.68563873e+02, 2.49658920e+02, 8.25584259e+01, 2.50148834e+02,
       1.23581642e+02, 2.50376511e+02, 1.62371124e+02, 2.50510468e+02,
       1.99524429e+02, 2.50657318e+02, 2.35511475e+02, 2.51017960e+02,
       2.69974091e+02, 2.07477982e+02, 8.14418793e+01, 2.09102142e+02,
       1.22832199e+02, 2.10528275e+02, 1.62074997e+02, 2.11643677e+02,
       1.99621170e+02, 2.12728378e+02, 2.36391815e+02, 2.13694046e+02,
       2.71488068e+02, 1.63945084e+02, 8.03876114e+01, 1.66954971e+02,
       1.22166687e+02, 1.69675110e+02, 1.61630905e+02, 1.71828079e+02,
       2.00306259e+02, 1.73724075e+02, 2.37209000e+02, 1.75568466e+02,
       2.72169159e+02, 4.03087036e+02, 1.54580994e+02, 4.10832397e+02,
       1.80589661e+02, 4.19533295e+02, 2.08436188e+02, 4.29034027e+02,
       2.38423935e+02, 4.39841522e+02, 2.69814606e+02, 4.52279327e+02,
       3.03445831e+02, 3.68018311e+02, 1.54522598e+02, 3.74982880e+02,
       1.80289490e+02, 3.82161865e+02, 2.08375565e+02, 3.90351410e+02,
       2.38105804e+02, 3.99844452e+02, 2.68847382e+02, 4.10037018e+02,
       3.03599457e+02, 3.32619293e+02, 1.53360397e+02, 3.38275940e+02,
       1.78773163e+02, 3.43921112e+02, 2.08070465e+02, 3.50666870e+02,
       2.37272522e+02, 3.58282074e+02, 2.69530945e+02, 3.67053070e+02,
       3.02521576e+02, 2.96303467e+02, 1.52004395e+02, 3.00448242e+02,
       1.78485596e+02, 3.04722168e+02, 2.07472504e+02, 3.09544647e+02,
       2.38752045e+02, 3.15353027e+02, 2.70585175e+02, 3.21796936e+02,
       3.05435211e+02, 2.58944763e+02, 1.51313797e+02, 2.61487183e+02,
       1.78549606e+02, 2.64354950e+02, 2.07768631e+02, 2.67501587e+02,
       2.38805695e+02, 2.71295746e+02, 2.71379822e+02, 2.75389984e+02,
       3.06985260e+02, 2.20556641e+02, 1.49436096e+02, 2.21663055e+02,
       1.77384674e+02, 2.22975082e+02, 2.06788742e+02, 2.24421127e+02,
       2.37858932e+02, 2.25949997e+02, 2.70462524e+02, 2.27592896e+02,
       3.06695282e+02, 1.80857666e+02, 1.47571487e+02, 1.80492233e+02,
       1.76003510e+02, 1.80044510e+02, 2.06280396e+02, 1.79445190e+02,
       2.37529846e+02, 1.78601532e+02, 2.70736084e+02, 1.77651993e+02,
       3.07130646e+02, 1.39582245e+02, 1.45536224e+02, 1.37578217e+02,
       1.74427658e+02, 1.35363632e+02, 2.05431793e+02, 1.32456024e+02,
       2.36810638e+02, 1.29100067e+02, 2.71005341e+02, 1.25360077e+02,
       3.09027985e+02, 4.04732361e+02, 1.97649902e+02, 4.13974548e+02,
       2.21016312e+02, 4.24225830e+02, 2.46184799e+02, 4.35451294e+02,
       2.73732849e+02, 4.48697052e+02, 3.03412140e+02, 4.64003082e+02,
       3.35489258e+02, 3.69087738e+02, 1.97611908e+02, 3.76941620e+02,
       2.20454193e+02, 3.85201721e+02, 2.46069977e+02, 3.94738312e+02,
       2.73395416e+02, 4.06063507e+02, 3.01814026e+02, 4.18350891e+02,
       3.35245300e+02, 3.32888428e+02, 1.96442627e+02, 3.39152252e+02,
       2.18971100e+02, 3.45452942e+02, 2.45561661e+02, 3.53121521e+02,
       2.72253387e+02, 3.61678955e+02, 3.02386444e+02, 3.71961273e+02,
       3.33349548e+02, 2.95936737e+02, 1.95286835e+02, 3.00233551e+02,
       2.18595779e+02, 3.04729187e+02, 2.44896103e+02, 3.09933868e+02,
       2.73857849e+02, 3.16209686e+02, 3.03408844e+02, 3.23365387e+02,
       3.36361755e+02, 2.57832031e+02, 1.94503632e+02, 2.60196167e+02,
       2.18725281e+02, 2.62796173e+02, 2.45409134e+02, 2.65734741e+02,
       2.73759216e+02, 2.69410431e+02, 3.03834290e+02, 2.73397278e+02,
       3.37745544e+02, 2.19076752e+02, 1.92761307e+02, 2.19508759e+02,
       2.17533646e+02, 2.19975037e+02, 2.44260086e+02, 2.20495499e+02,
       2.72547943e+02, 2.21319214e+02, 3.02545044e+02, 2.21993286e+02,
       3.37072510e+02, 1.78813995e+02, 1.91308517e+02, 1.77325668e+02,
       2.16385727e+02, 1.75470795e+02, 2.43520264e+02, 1.73406357e+02,
       2.72099030e+02, 1.70921692e+02, 3.02717987e+02, 1.68077850e+02,
       3.37089539e+02, 1.37099655e+02, 1.89284103e+02, 1.33406570e+02,
       2.14639786e+02, 1.29123703e+02, 2.42617920e+02, 1.24174240e+02,
       2.71360260e+02, 1.18326447e+02, 3.02817688e+02, 1.11756119e+02,
       3.38849396e+02, 1.25211418e+02, 3.01455261e+02, 1.31020676e+02,
       2.60304321e+02, 1.36401428e+02, 2.23404892e+02, 1.40830643e+02,
       1.89374954e+02, 1.44743210e+02, 1.55957153e+02, 1.48272629e+02,
       1.24931580e+02, 1.80013138e+02, 3.01226013e+02, 1.82954117e+02,
       2.61650787e+02, 1.85454178e+02, 2.25554337e+02, 1.87700409e+02,
       1.91566132e+02, 1.89525284e+02, 1.59049881e+02, 1.91309402e+02,
       1.28368942e+02, 2.32575882e+02, 3.02527283e+02, 2.32586288e+02,
       2.62876923e+02, 2.32596634e+02, 2.27425415e+02, 2.32642563e+02,
       1.93591431e+02, 2.32839722e+02, 1.61557022e+02, 2.32962677e+02,
       1.31337723e+02, 2.82811249e+02, 3.04334961e+02, 2.80414063e+02,
       2.65314880e+02, 2.78030151e+02, 2.29667267e+02, 2.76362152e+02,
       1.95789948e+02, 2.74641357e+02, 1.64169830e+02, 2.73336365e+02,
       1.34398972e+02, 3.32129272e+02, 3.04276428e+02, 3.26979279e+02,
       2.65875244e+02, 3.22516846e+02, 2.30990341e+02, 3.18937225e+02,
       1.96688965e+02, 3.15737518e+02, 1.65278625e+02, 3.12693237e+02,
       1.36314941e+02, 3.80294373e+02, 3.02761353e+02, 3.72521484e+02,
       2.66260468e+02, 3.66240265e+02, 2.30574478e+02, 3.60423767e+02,
       1.98519226e+02, 3.55844147e+02, 1.66727356e+02, 3.51181183e+02,
       1.38556808e+02, 4.26080658e+02, 3.05341766e+02, 4.16946930e+02,
       2.66880707e+02, 4.08272827e+02, 2.32735764e+02, 4.01080109e+02,
       2.00144928e+02, 3.94786621e+02, 1.69300125e+02, 3.88716187e+02,
       1.40962570e+02, 4.71377625e+02, 3.06550354e+02, 4.59726166e+02,
       2.69334381e+02, 4.49640381e+02, 2.34398331e+02, 4.41034302e+02,
       2.01380997e+02, 4.33141357e+02, 1.70705460e+02, 4.26154572e+02,
       1.42190430e+02, 1.36862625e+02, 2.83383636e+02, 1.41614563e+02,
       2.41618546e+02, 1.46205872e+02, 2.03656204e+02, 1.49862946e+02,
       1.68425095e+02, 1.53101837e+02, 1.33566406e+02, 1.55860382e+02,
       1.00747749e+02, 1.89611435e+02, 2.83063080e+02, 1.92078857e+02,
       2.42810745e+02, 1.94219131e+02, 2.05621796e+02, 1.95908875e+02,
       1.70493973e+02, 1.97442444e+02, 1.36296570e+02, 1.98794281e+02,
       1.03763756e+02, 2.40582352e+02, 2.84235413e+02, 2.40526230e+02,
       2.43832565e+02, 2.40506195e+02, 2.07320099e+02, 2.40481003e+02,
       1.72197998e+02, 2.40516525e+02, 1.38552811e+02, 2.40474594e+02,
       1.06565369e+02, 2.89465485e+02, 2.85564087e+02, 2.87353546e+02,
       2.45796768e+02, 2.85277435e+02, 2.09247177e+02, 2.83572876e+02,
       1.74231064e+02, 2.82228241e+02, 1.40754852e+02, 2.80902191e+02,
       1.09358727e+02, 3.37547546e+02, 2.85419098e+02, 3.33182343e+02,
       2.46365387e+02, 3.29247772e+02, 2.10279556e+02, 3.26077789e+02,
       1.74734558e+02, 3.23351501e+02, 1.41667374e+02, 3.20569702e+02,
       1.10966705e+02, 3.84716003e+02, 2.83944092e+02, 3.78044983e+02,
       2.46446823e+02, 3.72545471e+02, 2.09677414e+02, 3.67467651e+02,
       1.76388290e+02, 3.63472626e+02, 1.42888062e+02, 3.59312927e+02,
       1.13061325e+02, 4.29754181e+02, 2.86082581e+02, 4.22022675e+02,
       2.46899811e+02, 4.14402557e+02, 2.11520370e+02, 4.08099884e+02,
       1.77567261e+02, 4.02625122e+02, 1.45236252e+02, 3.97321228e+02,
       1.15129242e+02, 4.74446167e+02, 2.86921173e+02, 4.64398499e+02,
       2.48802094e+02, 4.55634125e+02, 2.12787750e+02, 4.48232361e+02,
       1.78518463e+02, 4.41305054e+02, 1.46401001e+02, 4.35197449e+02,
       1.15883385e+02, 3.76613129e+02, 1.14576668e+02, 3.82700317e+02,
       1.47921509e+02, 3.89463959e+02, 1.82518738e+02, 3.96619446e+02,
       2.18750061e+02, 4.05100739e+02, 2.56193268e+02, 4.14653076e+02,
       2.94927521e+02, 3.42303558e+02, 1.10629585e+02, 3.48363831e+02,
       1.44475082e+02, 3.54227509e+02, 1.79914642e+02, 3.61178894e+02,
       2.16683975e+02, 3.69608643e+02, 2.54356461e+02, 3.77780914e+02,
       2.94756897e+02, 3.06839417e+02, 1.05615921e+02, 3.12424744e+02,
       1.39988678e+02, 3.17312317e+02, 1.76937271e+02, 3.23821198e+02,
       2.14013016e+02, 3.30779999e+02, 2.53531204e+02, 3.39541565e+02,
       2.93729248e+02, 2.69328827e+02, 1.00312500e+02, 2.73817871e+02,
       1.36063919e+02, 2.78300598e+02, 1.73618408e+02, 2.83055725e+02,
       2.13090195e+02, 2.89458954e+02, 2.53067123e+02, 2.96501373e+02,
       2.95386597e+02, 2.29173615e+02, 9.48244400e+01, 2.32574265e+02,
       1.32197891e+02, 2.36360077e+02, 1.70796478e+02, 2.40461029e+02,
       2.10835693e+02, 2.45622528e+02, 2.52333221e+02, 2.51208237e+02,
       2.96115570e+02, 1.86596497e+02, 8.82653580e+01, 1.89321304e+02,
       1.26736320e+02, 1.92076782e+02, 1.66600754e+02, 1.95492325e+02,
       2.07620361e+02, 1.99477875e+02, 2.50201553e+02, 2.03589966e+02,
       2.95623627e+02, 1.41017654e+02, 8.14040451e+01, 1.42459930e+02,
       1.21078560e+02, 1.44276306e+02, 1.62364609e+02, 1.46275162e+02,
       2.04666168e+02, 1.48722748e+02, 2.48684296e+02, 1.51481659e+02,
       2.95556030e+02, 9.25532379e+01, 7.41093521e+01, 9.24895172e+01,
       1.14838394e+02, 9.26117554e+01, 1.57597397e+02, 9.32502747e+01,
       2.01082199e+02, 9.37627411e+01, 2.47111298e+02, 9.43169327e+01,
       2.96579468e+02, 2.98841614e+02, 1.02518410e+02, 3.05449707e+02,
       1.33369904e+02, 3.12580475e+02, 1.64545685e+02, 3.19811005e+02,
       1.96358276e+02, 3.28326691e+02, 2.28349854e+02, 3.37582489e+02,
       2.60524567e+02, 2.72720673e+02, 9.85618973e+01, 2.80002136e+02,
       1.30321472e+02, 2.86789581e+02, 1.62695663e+02, 2.94623047e+02,
       1.95481750e+02, 3.03942841e+02, 2.28124313e+02, 3.12659393e+02,
       2.62165161e+02, 2.45375092e+02, 9.35630722e+01, 2.52906189e+02,
       1.26411232e+02, 2.59415161e+02, 1.60567230e+02, 2.67800446e+02,
       1.94166565e+02, 2.76334412e+02, 2.28824799e+02, 2.86780304e+02,
       2.63220276e+02, 2.15464844e+02, 8.81159592e+01, 2.22686447e+02,
       1.22691261e+02, 2.29628098e+02, 1.58089767e+02, 2.36788422e+02,
       1.94217606e+02, 2.46092163e+02, 2.29662155e+02, 2.55611786e+02,
       2.66359375e+02, 1.82366013e+02, 8.23284836e+01, 1.89241852e+02,
       1.18927368e+02, 1.96426743e+02, 1.55925339e+02, 2.04138962e+02,
       1.93245529e+02, 2.13177490e+02, 2.30635712e+02, 2.22461044e+02,
       2.69175323e+02, 1.46869232e+02, 7.56081696e+01, 1.53483383e+02,
       1.13871155e+02, 1.60640091e+02, 1.52582687e+02, 1.68797089e+02,
       1.91546616e+02, 1.78026871e+02, 2.30701920e+02, 1.87431458e+02,
       2.71273376e+02, 1.07589096e+02, 6.85145950e+01, 1.13846779e+02,
       1.08524185e+02, 1.20679428e+02, 1.49228302e+02, 1.28909607e+02,
       1.90043274e+02, 1.38131088e+02, 2.31422012e+02, 1.47759766e+02,
       2.73681305e+02, 6.48581924e+01, 6.06787872e+01, 7.05094147e+01,
       1.02585724e+02, 7.67482529e+01, 1.45463272e+02, 8.47971039e+01,
       1.88183914e+02, 9.35511475e+01, 2.32019638e+02, 1.02328972e+02,
       2.77481201e+02, 9.76894531e+01, 3.01361633e+02, 1.27845100e+02,
       2.68386444e+02, 1.55508667e+02, 2.38445267e+02, 1.79592300e+02,
       2.10331757e+02, 2.00774704e+02, 1.82299866e+02, 2.20000626e+02,
       1.56201843e+02, 1.33459061e+02, 3.08410675e+02, 1.63325455e+02,
       2.74652130e+02, 1.89759491e+02, 2.43744492e+02, 2.13081177e+02,
       2.14258865e+02, 2.33462616e+02, 1.85577164e+02, 2.52298431e+02,
       1.58567261e+02, 1.72591370e+02, 3.17412598e+02, 2.00740219e+02,
       2.81303314e+02, 2.26245041e+02, 2.49177628e+02, 2.48289627e+02,
       2.18249664e+02, 2.68179688e+02, 1.88734344e+02, 2.85981995e+02,
       1.60746704e+02, 2.14699188e+02, 3.27717316e+02, 2.41386002e+02,
       2.89780304e+02, 2.65308533e+02, 2.55681229e+02, 2.86212463e+02,
       2.22956253e+02, 3.04861084e+02, 1.92027786e+02, 3.22026672e+02,
       1.63395981e+02, 2.58627045e+02, 3.36625793e+02, 2.84066528e+02,
       2.97149506e+02, 3.06782288e+02, 2.61439453e+02, 3.26174652e+02,
       2.26357025e+02, 3.43765991e+02, 1.94119598e+02, 3.60133636e+02,
       1.64906509e+02, 3.05801178e+02, 3.44563324e+02, 3.30084473e+02,
       3.04453888e+02, 3.50701996e+02, 2.65647675e+02, 3.69521729e+02,
       2.31293823e+02, 3.85649475e+02, 1.96872452e+02, 4.00896179e+02,
       1.67376556e+02, 3.59213776e+02, 3.58684692e+02, 3.80434296e+02,
       3.13078064e+02, 3.99613922e+02, 2.73571503e+02, 4.16301636e+02,
       2.36294586e+02, 4.31245300e+02, 2.01318069e+02, 4.44970673e+02,
       1.69769806e+02, 4.17327576e+02, 3.72438538e+02, 4.36043579e+02,
       3.24773132e+02, 4.52516724e+02, 2.81443939e+02, 4.67164215e+02,
       2.41348541e+02, 4.80373840e+02, 2.04672943e+02, 4.92449768e+02,
       1.70992859e+02, 9.15811462e+01, 2.88091431e+02, 1.19082993e+02,
       2.51624634e+02, 1.44560913e+02, 2.18236374e+02, 1.67107422e+02,
       1.86771637e+02, 1.86711868e+02, 1.55459793e+02, 2.04682343e+02,
       1.25845985e+02, 1.27662369e+02, 2.95363739e+02, 1.55155106e+02,
       2.58154419e+02, 1.79589218e+02, 2.23715607e+02, 2.01369797e+02,
       1.90815628e+02, 2.20384293e+02, 1.58764694e+02, 2.37923767e+02,
       1.28349258e+02, 1.67361053e+02, 3.04486572e+02, 1.93147034e+02,
       2.64943207e+02, 2.16725510e+02, 2.29217636e+02, 2.37410355e+02,
       1.94785324e+02, 2.56015747e+02, 1.61835770e+02, 2.72679047e+02,
       1.30354752e+02, 2.09757751e+02, 3.14647125e+02, 2.34222900e+02,
       2.73494232e+02, 2.56391235e+02, 2.35759445e+02, 2.75848297e+02,
       1.99560013e+02, 2.93469025e+02, 1.65187012e+02, 3.09751099e+02,
       1.32718124e+02, 2.53702454e+02, 3.23694916e+02, 2.77063782e+02,
       2.80821686e+02, 2.98335724e+02, 2.41588257e+02, 3.16432251e+02,
       2.03009491e+02, 3.32986115e+02, 1.67328079e+02, 3.48706787e+02,
       1.34285767e+02, 3.00560547e+02, 3.32104889e+02, 3.23126160e+02,
       2.88388153e+02, 3.42442169e+02, 2.46054855e+02, 3.60326569e+02,
       2.07837479e+02, 3.75538422e+02, 1.69908890e+02, 3.90494904e+02,
       1.36465790e+02, 3.53657959e+02, 3.45728180e+02, 3.73399475e+02,
       2.97061981e+02, 3.91620972e+02, 2.53804962e+02, 4.07523682e+02,
       2.12817734e+02, 4.21947021e+02, 1.74151321e+02, 4.35449799e+02,
       1.38666214e+02, 4.11071167e+02, 3.59310486e+02, 4.28673340e+02,
       3.08448669e+02, 4.44501129e+02, 2.61605072e+02, 4.58616150e+02,
       2.17650620e+02, 4.71709320e+02, 1.77379501e+02, 4.83859009e+02,
       1.39614059e+02, 8.79982834e+01, 2.71082367e+02, 1.14132767e+02,
       2.32882492e+02, 1.38548584e+02, 1.97701599e+02, 1.60165726e+02,
       1.64378296e+02, 1.79069107e+02, 1.30863327e+02, 1.96412857e+02,
       9.91398697e+01, 1.24666901e+02, 2.78976624e+02, 1.50783432e+02,
       2.40160751e+02, 1.74418182e+02, 2.03875488e+02, 1.95387421e+02,
       1.68908844e+02, 2.13673523e+02, 1.34704346e+02, 2.30768326e+02,
       1.01932419e+02, 1.65098572e+02, 2.88660431e+02, 1.89574020e+02,
       2.47569565e+02, 2.12390091e+02, 2.09986649e+02, 2.32253662e+02,
       1.73535141e+02, 2.50287292e+02, 1.38463699e+02, 2.66521606e+02,
       1.04626816e+02, 2.07976044e+02, 2.99416748e+02, 2.31367126e+02,
       2.56569946e+02, 2.52661819e+02, 2.16996521e+02, 2.71537384e+02,
       1.78783478e+02, 2.88628082e+02, 1.42256592e+02, 3.04596436e+02,
       1.07540680e+02, 2.52329865e+02, 3.09180756e+02, 2.74613983e+02,
       2.64579590e+02, 2.95237732e+02, 2.23482925e+02, 3.12708618e+02,
       1.82867706e+02, 3.29139587e+02, 1.44861389e+02, 3.44606171e+02,
       1.09520897e+02, 2.99337250e+02, 3.18363892e+02, 3.21120239e+02,
       2.72838013e+02, 3.39779938e+02, 2.28723022e+02, 3.57375763e+02,
       1.88403305e+02, 3.72488983e+02, 1.48250290e+02, 3.87403442e+02,
       1.12287117e+02, 3.52498779e+02, 3.32459351e+02, 3.71618256e+02,
       2.82259460e+02, 3.89450348e+02, 2.37129257e+02, 4.05336670e+02,
       1.94051941e+02, 4.19745972e+02, 1.52982040e+02, 4.33485565e+02,
       1.14811302e+02, 4.09631226e+02, 3.46426056e+02, 4.27014008e+02,
       2.94225555e+02, 4.42747040e+02, 2.45606049e+02, 4.57028687e+02,
       1.99681595e+02, 4.70463043e+02, 1.56805923e+02, 4.82909943e+02,
       1.16409744e+02, 3.56772675e+02, 9.13648911e+01, 3.66526703e+02,
       1.15719215e+02, 3.77346893e+02, 1.41818817e+02, 3.88813721e+02,
       1.69992538e+02, 4.01565735e+02, 1.99523499e+02, 4.15572754e+02,
       2.31122238e+02, 3.19433807e+02, 1.01106857e+02, 3.27820282e+02,
       1.25355606e+02, 3.36684784e+02, 1.51828949e+02, 3.46475189e+02,
       1.79845169e+02, 3.56941437e+02, 2.08640701e+02, 3.68579620e+02,
       2.41734360e+02, 2.81877228e+02, 1.09560013e+02, 2.88501434e+02,
       1.33699417e+02, 2.96146454e+02, 1.61553009e+02, 3.03568054e+02,
       1.89099350e+02, 3.12221100e+02, 2.19717010e+02, 3.20816711e+02,
       2.50916183e+02, 2.44072266e+02, 1.18153709e+02, 2.49392944e+02,
       1.43388382e+02, 2.55133926e+02, 1.71031296e+02, 2.61391327e+02,
       2.01058380e+02, 2.67326721e+02, 2.31411346e+02, 2.73969025e+02,
       2.64577148e+02, 2.06073471e+02, 1.27276566e+02, 2.09937027e+02,
       1.53516190e+02, 2.14180023e+02, 1.81675171e+02, 2.18250626e+02,
       2.11426239e+02, 2.22071045e+02, 2.42537811e+02, 2.26275772e+02,
       2.76820587e+02, 1.67204773e+02, 1.35331253e+02, 1.69706299e+02,
       1.62282349e+02, 1.72071213e+02, 1.90760742e+02, 1.74126633e+02,
       2.20766861e+02, 1.75456253e+02, 2.52176041e+02, 1.77045837e+02,
       2.87259918e+02, 1.27967697e+02, 1.43634705e+02, 1.28749161e+02,
       1.71155365e+02, 1.29471344e+02, 2.00398071e+02, 1.29315948e+02,
       2.30823410e+02, 1.28214966e+02, 2.63126312e+02, 1.26529335e+02,
       2.98441986e+02, 8.82554855e+01, 1.51889084e+02, 8.73591385e+01,
       1.79853928e+02, 8.63131332e+01, 2.09946411e+02, 8.36350174e+01,
       2.40993546e+02, 8.02301788e+01, 2.74041779e+02, 7.63138199e+01,
       3.11109955e+02, 3.54149536e+02, 1.11606758e+02, 3.64542969e+02,
       1.33508362e+02, 3.76260620e+02, 1.56951599e+02, 3.88758636e+02,
       1.82579926e+02, 4.02778442e+02, 2.09575134e+02, 4.18187378e+02,
       2.38414841e+02, 3.17559174e+02, 1.22296555e+02, 3.26588165e+02,
       1.44074432e+02, 3.36323120e+02, 1.68190323e+02, 3.46909149e+02,
       1.93659210e+02, 3.58400848e+02, 2.19949966e+02, 3.71319824e+02,
       2.50540253e+02, 2.80728058e+02, 1.31679031e+02, 2.87851624e+02,
       1.53502579e+02, 2.96209320e+02, 1.79030228e+02, 3.04372742e+02,
       2.04140869e+02, 3.13814331e+02, 2.32495850e+02, 3.23519867e+02,
       2.61211914e+02, 2.43640991e+02, 1.41321228e+02, 2.49406647e+02,
       1.64256683e+02, 2.55622162e+02, 1.89643204e+02, 2.62505249e+02,
       2.17533264e+02, 2.69100983e+02, 2.45575912e+02, 2.76598480e+02,
       2.76622955e+02, 2.06343781e+02, 1.51388168e+02, 2.10557175e+02,
       1.75519928e+02, 2.15050644e+02, 2.01559052e+02, 2.19526367e+02,
       2.29275787e+02, 2.23780533e+02, 2.58282379e+02, 2.28599701e+02,
       2.90601776e+02, 1.68138901e+02, 1.60501175e+02, 1.70753769e+02,
       1.85490448e+02, 1.73280319e+02, 2.11878403e+02, 1.75529541e+02,
       2.39954239e+02, 1.77161850e+02, 2.69296356e+02, 1.78913818e+02,
       3.02562164e+02, 1.29375183e+02, 1.70013763e+02, 1.30209473e+02,
       1.95471970e+02, 1.30820786e+02, 2.23004059e+02, 1.30648773e+02,
       2.51571121e+02, 1.29659012e+02, 2.81908112e+02, 1.28171188e+02,
       3.15533966e+02, 8.98483429e+01, 1.79418610e+02, 8.90188675e+01,
       2.05492950e+02, 8.77204590e+01, 2.33805527e+02, 8.50844498e+01,
       2.63142670e+02, 8.14489517e+01, 2.94600281e+02, 7.72800827e+01,
       3.30237762e+02, 3.53859833e+02, 4.96273232e+01, 3.64513275e+02,
       8.29392395e+01, 3.75911621e+02, 1.17643486e+02, 3.87918121e+02,
       1.54079376e+02, 4.00950623e+02, 1.91586929e+02, 4.15038086e+02,
       2.30907013e+02, 3.13439850e+02, 5.83262939e+01, 3.23259918e+02,
       9.14859238e+01, 3.33361725e+02, 1.26527031e+02, 3.44289978e+02,
       1.62739990e+02, 3.55896790e+02, 1.99874222e+02, 3.68424377e+02,
       2.40564117e+02, 2.72504181e+02, 6.58302460e+01, 2.81151001e+02,
       9.89290695e+01, 2.90439026e+02, 1.35282318e+02, 2.99782135e+02,
       1.71225769e+02, 3.10168640e+02, 2.09739319e+02, 3.20821838e+02,
       2.49390549e+02, 2.30905197e+02, 7.33926926e+01, 2.38683334e+02,
       1.07547775e+02, 2.46757156e+02, 1.43760345e+02, 2.55349075e+02,
       1.81800507e+02, 2.63750580e+02, 2.20268723e+02, 2.73111908e+02,
       2.61364258e+02, 1.88739365e+02, 8.13660660e+01, 1.95609940e+02,
       1.16513557e+02, 2.02699890e+02, 1.53268814e+02, 2.09709793e+02,
       1.91232010e+02, 2.16766022e+02, 2.30477768e+02, 2.24196655e+02,
       2.72536957e+02, 1.45595642e+02, 8.85846024e+01, 1.51420151e+02,
       1.24406136e+02, 1.57164124e+02, 1.61466675e+02, 1.62716919e+02,
       1.99780426e+02, 1.67986588e+02, 2.39572617e+02, 1.73629318e+02,
       2.82535492e+02, 1.01699364e+02, 9.63022003e+01, 1.06167725e+02,
       1.32482971e+02, 1.10641724e+02, 1.70324738e+02, 1.14557777e+02,
       2.09222733e+02, 1.17887535e+02, 2.49712631e+02, 1.21289154e+02,
       2.93215363e+02, 5.72945747e+01, 1.04063515e+02, 6.03198967e+01,
       1.40548416e+02, 6.34054604e+01, 1.79284454e+02, 6.53840790e+01,
       2.18507156e+02, 6.68090668e+01, 2.60053925e+02, 6.85681839e+01,
       3.05111969e+02, 3.58761658e+02, 4.90965691e+01, 3.68742523e+02,
       8.50175781e+01, 3.79602753e+02, 1.22444267e+02, 3.90897705e+02,
       1.61585342e+02, 4.03374329e+02, 2.02261230e+02, 4.16622162e+02,
       2.44915634e+02, 3.16072540e+02, 5.76868896e+01, 3.25303986e+02,
       9.34382248e+01, 3.34697052e+02, 1.31228577e+02, 3.44891449e+02,
       1.70237198e+02, 3.55791016e+02, 2.10391922e+02, 3.67466431e+02,
       2.54312149e+02, 2.73109680e+02, 6.52110367e+01, 2.81037445e+02,
       1.00832512e+02, 2.89594849e+02, 1.39687653e+02, 2.98214752e+02,
       1.78397079e+02, 3.07650818e+02, 2.20057983e+02, 3.17380402e+02,
       2.62733612e+02, 2.29568192e+02, 7.26007767e+01, 2.36630981e+02,
       1.09301765e+02, 2.43955811e+02, 1.48090347e+02, 2.51596512e+02,
       1.88796432e+02, 2.59129486e+02, 2.30204376e+02, 2.67335693e+02,
       2.74363098e+02, 1.85501678e+02, 8.05060806e+01, 1.91614517e+02,
       1.18177261e+02, 1.97892105e+02, 1.57304092e+02, 2.04048828e+02,
       1.97788055e+02, 2.10031158e+02, 2.40045563e+02, 2.16272720e+02,
       2.85167816e+02, 1.40568024e+02, 8.76143951e+01, 1.45567841e+02,
       1.25740921e+02, 1.50465042e+02, 1.65343124e+02, 1.55196121e+02,
       2.06267426e+02, 1.59180969e+02, 2.48758820e+02, 1.63521805e+02,
       2.94774963e+02, 9.51519394e+01, 9.51295929e+01, 9.86230011e+01,
       1.33638016e+02, 1.02252655e+02, 1.73838120e+02, 1.05065018e+02,
       2.15347092e+02, 1.07304092e+02, 2.58642548e+02, 1.09124969e+02,
       3.05117249e+02, 4.92855339e+01, 1.02706306e+02, 5.14428062e+01,
       1.41606461e+02, 5.35502815e+01, 1.82519135e+02, 5.43797264e+01,
       2.24339005e+02, 5.44983635e+01, 2.68597870e+02, 5.49703941e+01,
       3.16432343e+02, 1.41852539e+02, 3.10438629e+02, 1.45673721e+02,
       2.62350189e+02, 1.49060532e+02, 2.14564728e+02, 1.52382355e+02,
       1.66997894e+02, 1.55071487e+02, 1.18912819e+02, 1.57411774e+02,
       7.03754578e+01, 1.91223267e+02, 3.12479919e+02, 1.94479324e+02,
       2.65133057e+02, 1.97805618e+02, 2.17898758e+02, 2.00932663e+02,
       1.70817627e+02, 2.03489700e+02, 1.23123940e+02, 2.06225967e+02,
       7.51398239e+01, 2.38872818e+02, 3.14817963e+02, 2.42019669e+02,
       2.67903412e+02, 2.45147278e+02, 2.21285156e+02, 2.48382416e+02,
       1.74427704e+02, 2.51205673e+02, 1.27360451e+02, 2.53906006e+02,
       7.92210007e+01, 2.85616974e+02, 3.17327515e+02, 2.88683655e+02,
       2.70725128e+02, 2.91614349e+02, 2.24369156e+02, 2.94694580e+02,
       1.78050339e+02, 2.97784058e+02, 1.31372375e+02, 3.00986450e+02,
       8.41893158e+01, 3.31738342e+02, 3.19732605e+02, 3.34537689e+02,
       2.73489471e+02, 3.37399811e+02, 2.27471191e+02, 3.40473328e+02,
       1.81505554e+02, 3.43769073e+02, 1.35300247e+02, 3.47185883e+02,
       8.84242554e+01, 3.77421661e+02, 3.22328583e+02, 3.79919189e+02,
       2.76333435e+02, 3.82682922e+02, 2.30533798e+02, 3.85811768e+02,
       1.84733047e+02, 3.89454529e+02, 1.38646164e+02, 3.93149719e+02,
       9.18680115e+01, 4.22553986e+02, 3.24976898e+02, 4.24836426e+02,
       2.79149231e+02, 4.27563110e+02, 2.33557632e+02, 4.30857452e+02,
       1.88147263e+02, 4.34881165e+02, 1.41978836e+02, 4.39212402e+02,
       9.52315216e+01, 4.67590973e+02, 3.27779633e+02, 4.69609467e+02,
       2.81906891e+02, 4.72105530e+02, 2.36704102e+02, 4.76033142e+02,
       1.91285782e+02, 4.80327057e+02, 1.45256958e+02, 4.84354034e+02,
       9.89136047e+01, 1.34826035e+02, 3.10487305e+02, 1.38572418e+02,
       2.61180603e+02, 1.42050262e+02, 2.11500168e+02, 1.45481201e+02,
       1.61416611e+02, 1.48321152e+02, 1.10244293e+02, 1.51177902e+02,
       5.79318771e+01, 1.85791245e+02, 3.12601471e+02, 1.89613739e+02,
       2.64407532e+02, 1.93373123e+02, 2.15724472e+02, 1.96962021e+02,
       1.66510284e+02, 2.00086517e+02, 1.16134262e+02, 2.03490738e+02,
       6.45473709e+01, 2.34880280e+02, 3.15265381e+02, 2.38732300e+02,
       2.67735809e+02, 2.42580978e+02, 2.19658005e+02, 2.46574249e+02,
       1.71272934e+02, 2.50457199e+02, 1.21708183e+02, 2.54501007e+02,
       7.07179108e+01, 2.82461395e+02, 3.17755951e+02, 2.86484497e+02,
       2.70814728e+02, 2.90414154e+02, 2.23478897e+02, 2.94381409e+02,
       1.75661514e+02, 2.98947235e+02, 1.27141197e+02, 3.03501801e+02,
       7.71807785e+01, 3.28770874e+02, 3.20406830e+02, 3.32728363e+02,
       2.73830170e+02, 3.36881012e+02, 2.27198013e+02, 3.41308563e+02,
       1.80049683e+02, 3.46151611e+02, 1.32155334e+02, 3.51374359e+02,
       8.30100021e+01, 3.74304199e+02, 3.23078125e+02, 3.78175232e+02,
       2.77136322e+02, 3.82578735e+02, 2.30942413e+02, 3.87432465e+02,
       1.84341904e+02, 3.92876709e+02, 1.36899719e+02, 3.98644745e+02,
       8.82048874e+01, 4.18780731e+02, 3.25691895e+02, 4.22790375e+02,
       2.80228485e+02, 4.27239929e+02, 2.34521301e+02, 4.32600098e+02,
       1.88551102e+02, 4.38723236e+02, 1.41512344e+02, 4.45508728e+02,
       9.31715698e+01, 4.62798676e+02, 3.28765259e+02, 4.66666748e+02,
       2.83437683e+02, 4.71171295e+02, 2.38137009e+02, 4.77379913e+02,
       1.92653885e+02, 4.84283752e+02, 1.45856537e+02, 4.90660583e+02,
       9.81475067e+01, 1.26965767e+02, 3.10773682e+02, 1.32449478e+02,
       2.60110931e+02, 1.37602402e+02, 2.08763031e+02, 1.42770126e+02,
       1.56601273e+02, 1.47830368e+02, 1.03030441e+02, 1.53130081e+02,
       4.80191879e+01, 1.79871155e+02, 3.13351013e+02, 1.85492157e+02,
       2.64385986e+02, 1.91067368e+02, 2.14453018e+02, 1.96664017e+02,
       1.63824615e+02, 2.02341080e+02, 1.11813553e+02, 2.08137817e+02,
       5.80160446e+01, 2.29857590e+02, 3.16426910e+02, 2.35794678e+02,
       2.68723297e+02, 2.41367996e+02, 2.19893143e+02, 2.47692291e+02,
       1.70689880e+02, 2.53940063e+02, 1.19982323e+02, 2.60844360e+02,
       6.76226959e+01, 2.77446014e+02, 3.19423553e+02, 2.83403137e+02,
       2.72655121e+02, 2.89372467e+02, 2.25046204e+02, 2.95448120e+02,
       1.76678131e+02, 3.02583984e+02, 1.27594696e+02, 3.09914093e+02,
       7.67431259e+01, 3.22852081e+02, 3.22273773e+02, 3.28819214e+02,
       2.76287445e+02, 3.35049866e+02, 2.29752762e+02, 3.41645935e+02,
       1.82624893e+02, 3.49143463e+02, 1.34621582e+02, 3.57139099e+02,
       8.51450119e+01, 3.66842834e+02, 3.25312653e+02, 3.72792267e+02,
       2.80159271e+02, 3.79325409e+02, 2.34577332e+02, 3.86520386e+02,
       1.88542725e+02, 3.94659454e+02, 1.41549500e+02, 4.03297119e+02,
       9.29416275e+01, 4.09202545e+02, 3.28214905e+02, 4.15345276e+02,
       2.83874329e+02, 4.21873871e+02, 2.39307159e+02, 4.29625977e+02,
       1.94207077e+02, 4.38527893e+02, 1.48040649e+02, 4.48326416e+02,
       1.00403549e+02, 4.50417664e+02, 3.31325592e+02, 4.56428314e+02,
       2.87644653e+02, 4.62976959e+02, 2.43841125e+02, 4.71739716e+02,
       1.99620270e+02, 4.81251312e+02, 1.54350662e+02, 4.90565826e+02,
       1.07505775e+02, 1.49323578e+02, 3.17227600e+02, 1.52990494e+02,
       2.71630737e+02, 1.56719574e+02, 2.23917038e+02, 1.60495682e+02,
       1.73273224e+02, 1.64344208e+02, 1.19599297e+02, 1.68463989e+02,
       6.21442986e+01, 2.00314957e+02, 3.17393982e+02, 2.05243439e+02,
       2.73625580e+02, 2.10326996e+02, 2.27301208e+02, 2.15837997e+02,
       1.78512100e+02, 2.21689621e+02, 1.27271912e+02, 2.27955475e+02,
       7.13233261e+01, 2.48561859e+02, 3.18467224e+02, 2.54806732e+02,
       2.76324921e+02, 2.60876007e+02, 2.30528412e+02, 2.68271027e+02,
       1.83747116e+02, 2.75737518e+02, 1.33485107e+02, 2.84502106e+02,
       8.04820633e+01, 2.94496521e+02, 3.19612671e+02, 3.01664185e+02,
       2.78035217e+02, 3.09102814e+02, 2.33796143e+02, 3.17013458e+02,
       1.87224899e+02, 3.26494904e+02, 1.39029510e+02, 3.36720001e+02,
       8.69758530e+01, 3.38351959e+02, 3.20627228e+02, 3.46293243e+02,
       2.79467285e+02, 3.54708954e+02, 2.36415115e+02, 3.64182983e+02,
       1.91306366e+02, 3.74925323e+02, 1.44194031e+02, 3.86792023e+02,
       9.36310501e+01, 3.80752472e+02, 3.22197266e+02, 3.89503601e+02,
       2.81725159e+02, 3.99122681e+02, 2.39716003e+02, 4.09981934e+02,
       1.95984955e+02, 4.22321808e+02, 1.50234161e+02, 4.35878052e+02,
       1.00735672e+02, 4.21619324e+02, 3.23530029e+02, 4.31198700e+02,
       2.83897644e+02, 4.41510986e+02, 2.42640884e+02, 4.53664886e+02,
       2.00139145e+02, 4.67662811e+02, 1.55398331e+02, 4.83306122e+02,
       1.07417442e+02, 4.61403778e+02, 3.25300568e+02, 4.71361359e+02,
       2.86214355e+02, 4.82554535e+02, 2.45629990e+02, 4.96439606e+02,
       2.04303879e+02, 5.11783264e+02, 1.60447281e+02, 5.27557617e+02,
       1.13285255e+02, 1.46833237e+02, 3.21762695e+02, 1.52770050e+02,
       2.78622040e+02, 1.58834625e+02, 2.33238876e+02, 1.65280502e+02,
       1.84626083e+02, 1.72152771e+02, 1.33176193e+02, 1.79440536e+02,
       7.79020615e+01, 1.96659805e+02, 3.22480743e+02, 2.03855606e+02,
       2.81347046e+02, 2.11382339e+02, 2.37246033e+02, 2.19563110e+02,
       1.90893341e+02, 2.28530334e+02, 1.42266464e+02, 2.37977570e+02,
       8.86408615e+01, 2.43635559e+02, 3.24234039e+02, 2.52159546e+02,
       2.84582916e+02, 2.60530396e+02, 2.41394531e+02, 2.70499939e+02,
       1.97240753e+02, 2.80895935e+02, 1.49514877e+02, 2.93209229e+02,
       9.95798950e+01, 2.88039185e+02, 3.25834595e+02, 2.97329346e+02,
       2.86998901e+02, 3.07120911e+02, 2.45337540e+02, 3.17575439e+02,
       2.01240723e+02, 3.29995514e+02, 1.55935181e+02, 3.43400024e+02,
       1.06924767e+02, 3.30068024e+02, 3.27319214e+02, 3.40037018e+02,
       2.88671539e+02, 3.50852936e+02, 2.48418457e+02, 3.62773010e+02,
       2.06251312e+02, 3.76339478e+02, 1.61919174e+02, 3.91279419e+02,
       1.14700386e+02, 3.70352844e+02, 3.29197845e+02, 3.81202271e+02,
       2.91614044e+02, 3.93007538e+02, 2.52367783e+02, 4.06345428e+02,
       2.11662308e+02, 4.21362457e+02, 1.69053940e+02, 4.37752960e+02,
       1.22993233e+02, 4.09056427e+02, 3.30896667e+02, 4.20505310e+02,
       2.94315796e+02, 4.33215576e+02, 2.55947586e+02, 4.47611847e+02,
       2.16604004e+02, 4.64186859e+02, 1.75375122e+02, 4.82534851e+02,
       1.30909882e+02, 4.46271332e+02, 3.33089691e+02, 4.58311279e+02,
       2.96979950e+02, 4.71622162e+02, 2.59509644e+02, 4.87740692e+02,
       2.21632751e+02, 5.05405334e+02, 1.81305252e+02, 5.24091370e+02,
       1.37569351e+02, 1.50666962e+02, 3.27489380e+02, 1.58818909e+02,
       2.85731598e+02, 1.67397873e+02, 2.41667358e+02, 1.76575211e+02,
       1.94457230e+02, 1.86492935e+02, 1.44210693e+02, 1.97314240e+02,
       9.00518723e+01, 2.00321030e+02, 3.28521423e+02, 2.09784698e+02,
       2.89035950e+02, 2.19802750e+02, 2.46715240e+02, 2.30697983e+02,
       2.01825195e+02, 2.42996597e+02, 1.54687576e+02, 2.56162079e+02,
       1.02422287e+02, 2.46932037e+02, 3.31180878e+02, 2.57773041e+02,
       2.93405853e+02, 2.68717743e+02, 2.51703201e+02, 2.81426056e+02,
       2.09299408e+02, 2.95285034e+02, 1.63140533e+02, 3.11093872e+02,
       1.14983803e+02, 2.90679962e+02, 3.33432037e+02, 3.02446228e+02,
       2.96497162e+02, 3.14693359e+02, 2.56593414e+02, 3.28049347e+02,
       2.14070938e+02, 3.43830475e+02, 1.70649994e+02, 3.60773438e+02,
       1.23343483e+02, 3.32024475e+02, 3.35478210e+02, 3.44488373e+02,
       2.98910217e+02, 3.57889923e+02, 2.60524200e+02, 3.72704010e+02,
       2.19965637e+02, 3.89497681e+02, 1.77588837e+02, 4.07938934e+02,
       1.32188065e+02, 3.71587280e+02, 3.38236725e+02, 3.84792389e+02,
       3.02571808e+02, 3.99333923e+02, 2.65355988e+02, 4.15503937e+02,
       2.26505035e+02, 4.33636139e+02, 1.85833878e+02, 4.53755676e+02,
       1.41746231e+02, 4.09361389e+02, 3.40635895e+02, 4.23280853e+02,
       3.05941010e+02, 4.38544739e+02, 2.69553528e+02, 4.55860352e+02,
       2.32300751e+02, 4.75584778e+02, 1.93058334e+02, 4.97602539e+02,
       1.50874023e+02, 4.45560394e+02, 3.43328156e+02, 4.60116394e+02,
       3.09141815e+02, 4.75913666e+02, 2.73759827e+02, 4.94897491e+02,
       2.38186096e+02, 5.15762878e+02, 2.00035751e+02, 5.37826233e+02,
       1.58481857e+02, 4.33630280e+02, 1.03646675e+02, 4.37545471e+02,
       1.39031570e+02, 4.41382568e+02, 1.75450821e+02, 4.45483765e+02,
       2.12534332e+02, 4.51046265e+02, 2.49736343e+02, 4.57134583e+02,
       2.88410034e+02, 3.97528992e+02, 1.03720474e+02, 4.00692505e+02,
       1.39919128e+02, 4.04168610e+02, 1.76556427e+02, 4.08232849e+02,
       2.13674850e+02, 4.12891602e+02, 2.51483124e+02, 4.18156403e+02,
       2.90324860e+02, 3.60396301e+02, 1.04697815e+02, 3.63327606e+02,
       1.40645706e+02, 3.66521698e+02, 1.77559494e+02, 3.70133301e+02,
       2.14877396e+02, 3.74264374e+02, 2.52975266e+02, 3.78614136e+02,
       2.92406464e+02, 3.22861481e+02, 1.05521950e+02, 3.25449615e+02,
       1.41845703e+02, 3.28218079e+02, 1.78719330e+02, 3.31399506e+02,
       2.16378815e+02, 3.34822937e+02, 2.54707306e+02, 3.38507782e+02,
       2.94546509e+02, 2.84936951e+02, 1.05343811e+02, 2.87236481e+02,
       1.41820053e+02, 2.89438324e+02, 1.79558304e+02, 2.91942749e+02,
       2.17180511e+02, 2.94677612e+02, 2.55997009e+02, 2.97576721e+02,
       2.96498566e+02, 2.46296585e+02, 1.03900246e+02, 2.48073074e+02,
       1.41755600e+02, 2.49900238e+02, 1.79497437e+02, 2.51565079e+02,
       2.18468033e+02, 2.53738846e+02, 2.57477905e+02, 2.55679199e+02,
       2.98675476e+02, 2.06426682e+02, 1.04716553e+02, 2.07642975e+02,
       1.41886658e+02, 2.09242249e+02, 1.80572861e+02, 2.10403519e+02,
       2.19505157e+02, 2.11491882e+02, 2.59446869e+02, 2.12722336e+02,
       3.01106049e+02, 1.65417999e+02, 1.04537407e+02, 1.66403412e+02,
       1.42573547e+02, 1.67184540e+02, 1.81276413e+02, 1.67560974e+02,
       2.20475769e+02, 1.68226120e+02, 2.61124512e+02, 1.68408173e+02,
       3.03230560e+02, 4.24801025e+02, 1.15468399e+02, 4.30789185e+02,
       1.46816879e+02, 4.37158661e+02, 1.79876221e+02, 4.43637756e+02,
       2.14453018e+02, 4.51548676e+02, 2.49130280e+02, 4.60203552e+02,
       2.85508118e+02, 3.89621674e+02, 1.17327538e+02, 3.94799072e+02,
       1.49527817e+02, 4.00353241e+02, 1.82948532e+02, 4.06382263e+02,
       2.17119339e+02, 4.13176117e+02, 2.52234879e+02, 4.20522644e+02,
       2.88822083e+02, 3.53823151e+02, 1.20187866e+02, 3.58434998e+02,
       1.52195160e+02, 3.63329468e+02, 1.85482574e+02, 3.68532410e+02,
       2.19698959e+02, 3.74309662e+02, 2.55065948e+02, 3.80508392e+02,
       2.92219147e+02, 3.17905090e+02, 1.22789871e+02, 3.21778809e+02,
       1.55253250e+02, 3.25842468e+02, 1.88445572e+02, 3.30312653e+02,
       2.22633423e+02, 3.35008606e+02, 2.58308472e+02, 3.40200928e+02,
       2.95642395e+02, 2.81699005e+02, 1.24340118e+02, 2.84816925e+02,
       1.56564926e+02, 2.88165192e+02, 1.90697052e+02, 2.91602753e+02,
       2.24720505e+02, 2.95292389e+02, 2.60625183e+02, 2.99191803e+02,
       2.98780273e+02, 2.44788315e+02, 1.24572227e+02, 2.47422974e+02,
       1.58313248e+02, 2.49788879e+02, 1.92128784e+02, 2.52416382e+02,
       2.27618057e+02, 2.54880219e+02, 2.63431427e+02, 2.57528564e+02,
       3.02289398e+02, 2.07571762e+02, 1.27656227e+02, 2.09125580e+02,
       1.60194366e+02, 2.10753799e+02, 1.94840363e+02, 2.12369171e+02,
       2.30103775e+02, 2.13599594e+02, 2.66786713e+02, 2.15301407e+02,
       3.05734192e+02, 1.69372177e+02, 1.29388031e+02, 1.70318512e+02,
       1.62666092e+02, 1.70878983e+02, 1.97201263e+02, 1.71387177e+02,
       2.32390686e+02, 1.71528168e+02, 2.69575012e+02, 1.71528946e+02,
       3.08963898e+02, 4.18243256e+02, 1.26063538e+02, 4.25351440e+02,
       1.54460114e+02, 4.32855347e+02, 1.84794113e+02, 4.40716797e+02,
       2.16968124e+02, 4.50058563e+02, 2.49133194e+02, 4.60122955e+02,
       2.83271759e+02, 3.83911133e+02, 1.28822540e+02, 3.90242432e+02,
       1.58236359e+02, 3.96654785e+02, 1.88975204e+02, 4.03818115e+02,
       2.20645416e+02, 4.11707977e+02, 2.53279633e+02, 4.20366333e+02,
       2.87606537e+02, 3.49352875e+02, 1.32887436e+02, 3.54635223e+02,
       1.61939102e+02, 3.60366852e+02, 1.92596024e+02, 3.66489136e+02,
       2.24361801e+02, 3.73240814e+02, 2.57144592e+02, 3.80396881e+02,
       2.91932587e+02, 3.14584534e+02, 1.36758316e+02, 3.19155396e+02,
       1.66244507e+02, 3.23757568e+02, 1.96642609e+02, 3.28785309e+02,
       2.28351089e+02, 3.34326599e+02, 2.61378479e+02, 3.40225983e+02,
       2.96521851e+02, 2.79572937e+02, 1.39285095e+02, 2.83119537e+02,
       1.68591690e+02, 2.86905304e+02, 2.00017883e+02, 2.90724945e+02,
       2.31428024e+02, 2.94922119e+02, 2.64609467e+02, 2.99393402e+02,
       3.00593903e+02, 2.43948837e+02, 1.40530670e+02, 2.46746887e+02,
       1.71313843e+02, 2.49467499e+02, 2.02235947e+02, 2.52396210e+02,
       2.35236938e+02, 2.55140686e+02, 2.68423004e+02, 2.58200256e+02,
       3.05041351e+02, 2.08424118e+02, 1.44888611e+02, 2.09782852e+02,
       1.74325851e+02, 2.11589706e+02, 2.06135193e+02, 2.13276215e+02,
       2.38669693e+02, 2.14553543e+02, 2.72775879e+02, 2.16358047e+02,
       3.09566803e+02, 1.71653503e+02, 1.47625366e+02, 1.72491425e+02,
       1.78000992e+02, 1.73113205e+02, 2.09431412e+02, 1.73309998e+02,
       2.41871552e+02, 1.73378830e+02, 2.76565765e+02, 1.73304153e+02,
       3.13560547e+02, 4.07387299e+02, 1.33893158e+02, 4.15299042e+02,
       1.60110275e+02, 4.23616760e+02, 1.88314194e+02, 4.32497131e+02,
       2.18341949e+02, 4.42607544e+02, 2.48313156e+02, 4.53676422e+02,
       2.80237976e+02, 3.74223999e+02, 1.37380020e+02, 3.81127502e+02,
       1.64561707e+02, 3.88385406e+02, 1.93278152e+02, 3.96338348e+02,
       2.22742737e+02, 4.05099640e+02, 2.53279175e+02, 4.14605377e+02,
       2.85523621e+02, 3.40590179e+02, 1.42254395e+02, 3.46537079e+02,
       1.69167191e+02, 3.52889832e+02, 1.97580765e+02, 3.59723389e+02,
       2.27356277e+02, 3.67265961e+02, 2.57992188e+02, 3.75266022e+02,
       2.90731934e+02, 3.06837250e+02, 1.46783829e+02, 3.11925293e+02,
       1.74214798e+02, 3.17206909e+02, 2.02459732e+02, 3.22843506e+02,
       2.32175385e+02, 3.28951019e+02, 2.63119904e+02, 3.35620728e+02,
       2.96268768e+02, 2.72750732e+02, 1.49909973e+02, 2.76753784e+02,
       1.77346130e+02, 2.81201630e+02, 2.06566345e+02, 2.85466614e+02,
       2.35851669e+02, 2.90264435e+02, 2.67134766e+02, 2.95372406e+02,
       3.01247986e+02, 2.38159363e+02, 1.51804657e+02, 2.41347290e+02,
       1.80619736e+02, 2.44439148e+02, 2.09457031e+02, 2.47736298e+02,
       2.40503906e+02, 2.50943069e+02, 2.71685760e+02, 2.54560135e+02,
       3.06503632e+02, 2.03527435e+02, 1.57111679e+02, 2.05258102e+02,
       1.84400284e+02, 2.07450378e+02, 2.14169083e+02, 2.09343140e+02,
       2.44779144e+02, 2.11124634e+02, 2.77046600e+02, 2.13203400e+02,
       3.12030457e+02, 1.67724014e+02, 1.60568100e+02, 1.68695267e+02,
       1.88918350e+02, 1.69502884e+02, 2.18338333e+02, 1.69829407e+02,
       2.48828033e+02, 1.70303101e+02, 2.81576996e+02, 1.70446182e+02,
       3.16740723e+02, 1.39286346e+02, 3.28646484e+02, 1.47869064e+02,
       2.93744080e+02, 1.55764603e+02, 2.62127441e+02, 1.62953156e+02,
       2.33169006e+02, 1.69942932e+02, 2.05855484e+02, 1.76467957e+02,
       1.80080597e+02, 1.83605286e+02, 3.40300018e+02, 1.90127777e+02,
       3.05222534e+02, 1.95673615e+02, 2.73818481e+02, 2.01194336e+02,
       2.44511703e+02, 2.06724442e+02, 2.16409821e+02, 2.11507019e+02,
       1.91375031e+02, 2.26264954e+02, 3.50540558e+02, 2.30617538e+02,
       3.15398895e+02, 2.33658051e+02, 2.84798584e+02, 2.37787170e+02,
       2.54858826e+02, 2.41395844e+02, 2.27675430e+02, 2.45643448e+02,
       2.00811874e+02, 2.66531708e+02, 3.60487274e+02, 2.68589752e+02,
       3.26068054e+02, 2.70298431e+02, 2.95195801e+02, 2.71759277e+02,
       2.66756531e+02, 2.74475250e+02, 2.38751587e+02, 2.76821838e+02,
       2.13169998e+02, 3.05004028e+02, 3.70517609e+02, 3.04738037e+02,
       3.36703491e+02, 3.04777832e+02, 3.05904053e+02, 3.05293427e+02,
       2.77132721e+02, 3.06271271e+02, 2.49602386e+02, 3.07508881e+02,
       2.23833084e+02, 3.42188904e+02, 3.79457794e+02, 3.40363800e+02,
       3.45901001e+02, 3.38670868e+02, 3.15248596e+02, 3.38135010e+02,
       2.86134766e+02, 3.38103363e+02, 2.58519623e+02, 3.38171204e+02,
       2.32775620e+02, 3.78032623e+02, 3.88510986e+02, 3.74355927e+02,
       3.55192017e+02, 3.71420654e+02, 3.24492432e+02, 3.69522644e+02,
       2.95355804e+02, 3.68553772e+02, 2.67578491e+02, 3.68033478e+02,
       2.41457840e+02, 4.12856201e+02, 3.97142517e+02, 4.07380219e+02,
       3.63986908e+02, 4.02900330e+02, 3.33473175e+02, 4.00372650e+02,
       3.03901581e+02, 3.98250244e+02, 2.76276764e+02, 3.95830383e+02,
       2.51161728e+02, 1.27933037e+02, 3.34198669e+02, 1.34753036e+02,
       3.01588135e+02, 1.41232376e+02, 2.72018433e+02, 1.46907455e+02,
       2.44899551e+02, 1.52662109e+02, 2.19474075e+02, 1.58098312e+02,
       1.95433884e+02, 1.71439850e+02, 3.45538239e+02, 1.76266220e+02,
       3.12622925e+02, 1.80343750e+02, 2.83480377e+02, 1.84447922e+02,
       2.56130554e+02, 1.88762558e+02, 2.29701035e+02, 1.92389557e+02,
       2.06499695e+02, 2.13068268e+02, 3.55500427e+02, 2.15863846e+02,
       3.22506165e+02, 2.17408020e+02, 2.94180450e+02, 2.20293198e+02,
       2.66215027e+02, 2.22494934e+02, 2.40816299e+02, 2.25682343e+02,
       2.15720749e+02, 2.52397888e+02, 3.65122101e+02, 2.52700287e+02,
       3.32827637e+02, 2.52805817e+02, 3.04075806e+02, 2.53087326e+02,
       2.77763458e+02, 2.54541626e+02, 2.51630524e+02, 2.55742859e+02,
       2.27719681e+02, 2.89424652e+02, 3.74673523e+02, 2.87658142e+02,
       3.43311920e+02, 2.86265045e+02, 3.14591461e+02, 2.85348785e+02,
       2.87726776e+02, 2.85195953e+02, 2.62242401e+02, 2.85349823e+02,
       2.38260132e+02, 3.25255371e+02, 3.83275879e+02, 3.21724640e+02,
       3.51968079e+02, 3.18817810e+02, 3.23507416e+02, 3.16912903e+02,
       2.96455444e+02, 3.15667053e+02, 2.70692261e+02, 3.14575592e+02,
       2.46806290e+02, 3.59470703e+02, 3.91751282e+02, 3.54407867e+02,
       3.60788635e+02, 3.50144318e+02, 3.32423370e+02, 3.47017181e+02,
       3.05324005e+02, 3.44886688e+02, 2.79427582e+02, 3.43257233e+02,
       2.55202530e+02, 3.92594116e+02, 3.99816681e+02, 3.85796478e+02,
       3.69236176e+02, 3.80130371e+02, 3.40875610e+02, 3.76452728e+02,
       3.13446136e+02, 3.73284485e+02, 2.87681763e+02, 3.69772095e+02,
       2.64447479e+02, 5.07599884e+02, 6.27740326e+01, 5.04049377e+02,
       1.14578003e+02, 5.00478394e+02, 1.65283386e+02, 4.97227997e+02,
       2.14472672e+02, 4.93845642e+02, 2.62844727e+02, 4.90926758e+02,
       3.11125366e+02, 4.55607178e+02, 6.39468994e+01, 4.52910767e+02,
       1.14619354e+02, 4.50126495e+02, 1.63987091e+02, 4.47396912e+02,
       2.11797562e+02, 4.44555603e+02, 2.59129181e+02, 4.41656128e+02,
       3.05874390e+02, 4.06622894e+02, 6.54523621e+01, 4.04475464e+02,
       1.14767990e+02, 4.02449463e+02, 1.62580399e+02, 4.00323822e+02,
       2.09457275e+02, 3.97714752e+02, 2.55469452e+02, 3.95349915e+02,
       3.01336121e+02, 3.60446808e+02, 6.67129593e+01, 3.59088196e+02,
       1.14705521e+02, 3.57487244e+02, 1.61390823e+02, 3.55536011e+02,
       2.07158020e+02, 3.53397461e+02, 2.52166351e+02, 3.51045227e+02,
       2.96835297e+02, 3.15532745e+02, 6.75214920e+01, 3.14810455e+02,
       1.14515358e+02, 3.14222748e+02, 1.60256729e+02, 3.12269348e+02,
       2.04915146e+02, 3.10167542e+02, 2.49141022e+02, 3.08469330e+02,
       2.92884796e+02, 2.71794556e+02, 6.78234558e+01, 2.72528107e+02,
       1.14069641e+02, 2.71676605e+02, 1.58967728e+02, 2.71128113e+02,
       2.02768219e+02, 2.68944794e+02, 2.46177795e+02, 2.67540100e+02,
       2.88903168e+02, 2.32094467e+02, 6.85335083e+01, 2.31760559e+02,
       1.13646690e+02, 2.32266266e+02, 1.57599533e+02, 2.31409454e+02,
       2.00743881e+02, 2.29686569e+02, 2.43254608e+02, 2.28585800e+02,
       2.85183105e+02, 1.92693710e+02, 6.88312149e+01, 1.93569336e+02,
       1.13204330e+02, 1.93600464e+02, 1.56385239e+02, 1.92710281e+02,
       1.98616608e+02, 1.91579880e+02, 2.40511627e+02, 1.90146225e+02,
       2.81772827e+02, 1.95919693e+02, 2.88327423e+02, 1.99867279e+02,
       2.46837677e+02, 2.03351868e+02, 2.05304047e+02, 2.06691879e+02,
       1.63429413e+02, 2.09173065e+02, 1.20926849e+02, 2.10602859e+02,
       7.76281052e+01, 2.33798157e+02, 2.93344604e+02, 2.37211258e+02,
       2.51070892e+02, 2.41149750e+02, 2.08667007e+02, 2.44257996e+02,
       1.65805481e+02, 2.46195938e+02, 1.22440407e+02, 2.48709457e+02,
       7.83314285e+01, 2.72279938e+02, 2.98620026e+02, 2.75663605e+02,
       2.55526245e+02, 2.80102325e+02, 2.12165115e+02, 2.82884094e+02,
       1.68414307e+02, 2.85894592e+02, 1.23903427e+02, 2.87433929e+02,
       7.85013657e+01, 3.12799713e+02, 3.04508301e+02, 3.16625580e+02,
       2.60144531e+02, 3.20786621e+02, 2.15715637e+02, 3.24895996e+02,
       1.70938385e+02, 3.27564484e+02, 1.25561493e+02, 3.30431061e+02,
       7.93851242e+01, 3.55402618e+02, 3.10403107e+02, 3.59763519e+02,
       2.64926788e+02, 3.64018707e+02, 2.19467514e+02, 3.67991241e+02,
       1.73654510e+02, 3.71427063e+02, 1.27285034e+02, 3.74754517e+02,
       7.96411667e+01, 3.99925568e+02, 3.16774384e+02, 4.04417999e+02,
       2.70075378e+02, 4.08825714e+02, 2.23459259e+02, 4.12913727e+02,
       1.76342819e+02, 4.16687714e+02, 1.28464432e+02, 4.20725189e+02,
       7.94921494e+01, 4.47146637e+02, 3.23656830e+02, 4.51844025e+02,
       2.75660614e+02, 4.56475983e+02, 2.27604385e+02, 4.60875183e+02,
       1.79247360e+02, 4.65480316e+02, 1.29649231e+02, 4.69843445e+02,
       7.92212372e+01, 4.97673431e+02, 3.31301910e+02, 5.02360809e+02,
       2.81596008e+02, 5.07290710e+02, 2.32172165e+02, 5.12147522e+02,
       1.82175797e+02, 5.17303894e+02, 1.31160309e+02, 5.22458740e+02,
       7.93985138e+01, 5.19096313e+02, 6.65708694e+01, 5.14318481e+02,
       1.21784462e+02, 5.09466461e+02, 1.75804260e+02, 5.04933533e+02,
       2.28516052e+02, 5.00264648e+02, 2.80348999e+02, 4.95696838e+02,
       3.32082550e+02, 4.63769165e+02, 6.74843826e+01, 4.60031647e+02,
       1.21291672e+02, 4.56130920e+02, 1.73396133e+02, 4.52175659e+02,
       2.24162430e+02, 4.47891785e+02, 2.74295044e+02, 4.43544464e+02,
       3.24038971e+02, 4.12705811e+02, 6.87353134e+01, 4.09426910e+02,
       1.20582504e+02, 4.06381500e+02, 1.70790619e+02, 4.02944183e+02,
       2.20121674e+02, 3.99066315e+02, 2.68542938e+02, 3.95182281e+02,
       3.16890533e+02, 3.65313477e+02, 6.98269272e+01, 3.62820770e+02,
       1.19850510e+02, 3.60296906e+02, 1.68609650e+02, 3.56993286e+02,
       2.16317200e+02, 3.53495697e+02, 2.63451721e+02, 3.49674133e+02,
       3.10277893e+02, 3.19554993e+02, 7.03934784e+01, 3.17851898e+02,
       1.19003716e+02, 3.16228027e+02, 1.66383987e+02, 3.12873566e+02,
       2.12769836e+02, 3.09497589e+02, 2.58617493e+02, 3.06485260e+02,
       3.04255737e+02, 2.75503418e+02, 7.04946976e+01, 2.75450409e+02,
       1.17925896e+02, 2.73479828e+02, 1.64251587e+02, 2.71694489e+02,
       2.09438644e+02, 2.68230133e+02, 2.54222977e+02, 2.65559235e+02,
       2.98322327e+02, 2.36470444e+02, 7.08741074e+01, 2.35168518e+02,
       1.17031326e+02, 2.34480164e+02, 1.62031464e+02, 2.32486053e+02,
       2.06229645e+02, 2.29505081e+02, 2.49698135e+02, 2.27292786e+02,
       2.92887817e+02, 1.98126236e+02, 7.10325317e+01, 1.97993958e+02,
       1.16037720e+02, 1.96839569e+02, 1.59956284e+02, 1.94647186e+02,
       2.03096313e+02, 1.92346069e+02, 2.45677094e+02, 1.89320389e+02,
       2.87882080e+02, 9.58970490e+01, 3.01355377e+02, 1.03856438e+02,
       2.50572433e+02, 1.11640152e+02, 2.00620544e+02, 1.19112694e+02,
       1.51401749e+02, 1.26410515e+02, 1.01989212e+02, 1.33857529e+02,
       5.27108383e+01, 1.48774307e+02, 3.06281677e+02, 1.56248276e+02,
       2.57145233e+02, 1.63388535e+02, 2.08697372e+02, 1.70503922e+02,
       1.60714966e+02, 1.77459595e+02, 1.12599152e+02, 1.84368179e+02,
       6.46255188e+01, 1.98677444e+02, 3.11044342e+02, 2.05607895e+02,
       2.63315765e+02, 2.11913818e+02, 2.16319901e+02, 2.18852829e+02,
       1.69534714e+02, 2.25562454e+02, 1.22771957e+02, 2.32726700e+02,
       7.55195236e+01, 2.45488159e+02, 3.15582855e+02, 2.51642365e+02,
       2.69138611e+02, 2.57607422e+02, 2.23243835e+02, 2.63601654e+02,
       1.77872665e+02, 2.70532990e+02, 1.32537979e+02, 2.77347443e+02,
       8.69215164e+01, 2.89658020e+02, 3.20143799e+02, 2.95214264e+02,
       2.74667633e+02, 3.00686951e+02, 2.29890625e+02, 3.06596954e+02,
       1.85684158e+02, 3.13114746e+02, 1.41515564e+02, 3.19828674e+02,
       9.72800293e+01, 3.32276062e+02, 3.24466583e+02, 3.37095001e+02,
       2.80154358e+02, 3.42335754e+02, 2.36381348e+02, 3.48268768e+02,
       1.92941116e+02, 3.54703644e+02, 1.49660263e+02, 3.61330231e+02,
       1.06337730e+02, 3.72607391e+02, 3.28617859e+02, 3.77223511e+02,
       2.85265472e+02, 3.81980865e+02, 2.42425797e+02, 3.87688385e+02,
       1.99923950e+02, 3.94361877e+02, 1.57547348e+02, 4.01329346e+02,
       1.15052490e+02, 4.11655182e+02, 3.32792816e+02, 4.15522949e+02,
       2.90214722e+02, 4.19914063e+02, 2.48376389e+02, 4.25980804e+02,
       2.06669296e+02, 4.32461151e+02, 1.65220673e+02, 4.38540924e+02,
       1.23569572e+02, 9.57378159e+01, 3.00871735e+02, 1.03193954e+02,
       2.51585617e+02, 1.10333984e+02, 2.03004608e+02, 1.17307129e+02,
       1.55206894e+02, 1.24339394e+02, 1.07341629e+02, 1.31539963e+02,
       5.96086807e+01, 1.46506882e+02, 3.05149475e+02, 1.53434708e+02,
       2.57614838e+02, 1.59953217e+02, 2.10878235e+02, 1.66635681e+02,
       1.64586563e+02, 1.73453140e+02, 1.18227226e+02, 1.80084000e+02,
       7.18941879e+01, 1.94086365e+02, 3.09168335e+02, 2.00584839e+02,
       2.63314270e+02, 2.06162613e+02, 2.18199112e+02, 2.12729034e+02,
       1.73293686e+02, 2.18987427e+02, 1.28539856e+02, 2.26161880e+02,
       8.33409348e+01, 2.38155807e+02, 3.12968262e+02, 2.43698090e+02,
       2.68550293e+02, 2.49146545e+02, 2.24714523e+02, 2.54513672e+02,
       1.81481720e+02, 2.61114868e+02, 1.38231049e+02, 2.67496277e+02,
       9.47496872e+01, 2.79259186e+02, 3.16736847e+02, 2.84060883e+02,
       2.73579681e+02, 2.89071442e+02, 2.31080627e+02, 2.94410767e+02,
       1.89030167e+02, 3.00557404e+02, 1.47090454e+02, 3.06761566e+02,
       1.05228355e+02, 3.18408142e+02, 3.20354248e+02, 3.22683441e+02,
       2.78375153e+02, 3.27416168e+02, 2.37038574e+02, 3.32726990e+02,
       1.96057877e+02, 3.38793457e+02, 1.55221237e+02, 3.45017365e+02,
       1.14334663e+02, 3.55320496e+02, 3.23721619e+02, 3.59292694e+02,
       2.82870850e+02, 3.63542145e+02, 2.42593781e+02, 3.68790222e+02,
       2.02653656e+02, 3.74884033e+02, 1.62788147e+02, 3.81412567e+02,
       1.22994980e+02, 3.90628357e+02, 3.27165985e+02, 3.93838043e+02,
       2.87295990e+02, 3.97723633e+02, 2.48000153e+02, 4.03310913e+02,
       2.08978043e+02, 4.09310089e+02, 1.70286316e+02, 4.14680237e+02,
       1.31461075e+02, 8.24449463e+01, 3.01123932e+02, 8.86801910e+01,
       2.52486053e+02, 9.47319641e+01, 2.04547043e+02, 1.00660233e+02,
       1.57279922e+02, 1.06926926e+02, 1.09894211e+02, 1.13409637e+02,
       6.28568230e+01, 1.32217651e+02, 3.03991699e+02, 1.38027695e+02,
       2.57382660e+02, 1.43566269e+02, 2.11509598e+02, 1.49352539e+02,
       1.65932312e+02, 1.55439407e+02, 1.20328369e+02, 1.61182648e+02,
       7.48112183e+01, 1.78512177e+02, 3.06672241e+02, 1.84188690e+02,
       2.61972656e+02, 1.88687653e+02, 2.17758286e+02, 1.94551682e+02,
       1.73826645e+02, 1.99951080e+02, 1.29993195e+02, 2.06443893e+02,
       8.57190781e+01, 2.21119568e+02, 3.09375732e+02, 2.25824966e+02,
       2.66209656e+02, 2.30398300e+02, 2.23574692e+02, 2.34890884e+02,
       1.81383606e+02, 2.40668137e+02, 1.39171997e+02, 2.46381042e+02,
       9.67983704e+01, 2.60455292e+02, 3.11907043e+02, 2.64472778e+02,
       2.70199860e+02, 2.68580414e+02, 2.28968658e+02, 2.73292694e+02,
       1.88231873e+02, 2.78585144e+02, 1.47421463e+02, 2.84235931e+02,
       1.06726807e+02, 2.97636078e+02, 3.14348480e+02, 3.01273651e+02,
       2.73929199e+02, 3.05167419e+02, 2.34034607e+02, 3.09782593e+02,
       1.94411148e+02, 3.15271545e+02, 1.54892639e+02, 3.20589386e+02,
       1.15386078e+02, 3.32586273e+02, 3.16690430e+02, 3.35686829e+02,
       2.77508087e+02, 3.39333099e+02, 2.38772644e+02, 3.44025482e+02,
       2.00407776e+02, 3.49380829e+02, 1.61871078e+02, 3.55232544e+02,
       1.23493492e+02, 3.65616852e+02, 3.19025391e+02, 3.68333771e+02,
       2.80857483e+02, 3.71492706e+02, 2.43315796e+02, 3.76503510e+02,
       2.05932419e+02, 3.81715607e+02, 1.68586990e+02, 3.86503571e+02,
       1.31467865e+02, 7.17889175e+01, 3.01651611e+02, 7.74598770e+01,
       2.53168106e+02, 8.32196121e+01, 2.04717529e+02, 8.88456955e+01,
       1.56323502e+02, 9.47952576e+01, 1.07603691e+02, 1.01372620e+02,
       5.88128433e+01, 1.21355751e+02, 3.03378815e+02, 1.26968185e+02,
       2.56880829e+02, 1.32402542e+02, 2.10662796e+02, 1.38015686e+02,
       1.64445145e+02, 1.44234177e+02, 1.17753342e+02, 1.50208435e+02,
       7.08702850e+01, 1.67286057e+02, 3.04775726e+02, 1.72906540e+02,
       2.60516418e+02, 1.77515305e+02, 2.16169952e+02, 1.83581757e+02,
       1.71818100e+02, 1.89218567e+02, 1.27295105e+02, 1.96064697e+02,
       8.19122925e+01, 2.09277054e+02, 3.06290558e+02, 2.14256653e+02,
       2.63677460e+02, 2.18895950e+02, 2.21101883e+02, 2.23717499e+02,
       1.78578049e+02, 2.29988983e+02, 1.35827240e+02, 2.36072449e+02,
       9.26663284e+01, 2.47663406e+02, 3.07626038e+02, 2.52080750e+02,
       2.66585449e+02, 2.56579559e+02, 2.25605042e+02, 2.61595490e+02,
       1.84816269e+02, 2.67556274e+02, 1.43672226e+02, 2.73702454e+02,
       1.02378387e+02, 2.83780762e+02, 3.09203491e+02, 2.87824097e+02,
       2.69483673e+02, 2.92401367e+02, 2.29934250e+02, 2.97588379e+02,
       1.90539597e+02, 3.03589050e+02, 1.50897079e+02, 3.09869843e+02,
       1.10988983e+02, 3.17437744e+02, 3.10503845e+02, 3.21302521e+02,
       2.72218445e+02, 3.25478882e+02, 2.33915115e+02, 3.30813538e+02,
       1.95866501e+02, 3.37118195e+02, 1.57593094e+02, 3.43803192e+02,
       1.18921196e+02, 3.49250122e+02, 3.11888428e+02, 3.52609344e+02,
       2.74736938e+02, 3.56563416e+02, 2.37729050e+02, 3.62413269e+02,
       2.00948624e+02, 3.68581451e+02, 1.63813492e+02, 3.74259186e+02,
       1.26542244e+02, 1.46040268e+02, 2.76725983e+02, 1.49578308e+02,
       2.40803467e+02, 1.52882095e+02, 2.04622437e+02, 1.56189987e+02,
       1.68590714e+02, 1.58992416e+02, 1.32218201e+02, 1.61550964e+02,
       9.53904266e+01, 1.83176788e+02, 2.79596252e+02, 1.86439453e+02,
       2.43971390e+02, 1.89795532e+02, 2.08271652e+02, 1.92989594e+02,
       1.72528656e+02, 1.95628723e+02, 1.36380203e+02, 1.98662567e+02,
       9.98319702e+01, 2.19289932e+02, 2.82568817e+02, 2.22507004e+02,
       2.47252350e+02, 2.25905060e+02, 2.11857849e+02, 2.29019974e+02,
       1.76350555e+02, 2.32096848e+02, 1.40381531e+02, 2.34871933e+02,
       1.04131607e+02, 2.54712585e+02, 2.85617218e+02, 2.58000214e+02,
       2.50358612e+02, 2.61297485e+02, 2.15195892e+02, 2.64556854e+02,
       1.79905640e+02, 2.67722656e+02, 1.44380676e+02, 2.70926147e+02,
       1.08319649e+02, 2.89887878e+02, 2.88556183e+02, 2.93167511e+02,
       2.53496979e+02, 2.96340607e+02, 2.18516342e+02, 2.99624237e+02,
       1.83394226e+02, 3.03058411e+02, 1.48144135e+02, 3.06486908e+02,
       1.12427910e+02, 3.24680084e+02, 2.91572845e+02, 3.27854736e+02,
       2.56600769e+02, 3.31088837e+02, 2.21799637e+02, 3.34444061e+02,
       1.86783859e+02, 3.37964203e+02, 1.51643539e+02, 3.41553711e+02,
       1.16139687e+02, 3.59174866e+02, 2.94576111e+02, 3.62341461e+02,
       2.59820160e+02, 3.65530975e+02, 2.25088440e+02, 3.69114746e+02,
       1.90348053e+02, 3.72791412e+02, 1.55282715e+02, 3.76653259e+02,
       1.19845139e+02, 3.93468140e+02, 2.97643768e+02, 3.96484497e+02,
       2.62901489e+02, 3.99640320e+02, 2.28457947e+02, 4.03418365e+02,
       1.93676880e+02, 4.07375153e+02, 1.58812225e+02, 4.11277832e+02,
       1.23529083e+02, 1.72517258e+02, 2.85074646e+02, 1.77035492e+02,
       2.46287476e+02, 1.81470093e+02, 2.07660278e+02, 1.85649246e+02,
       1.68835724e+02, 1.89639221e+02, 1.29657211e+02, 1.93346161e+02,
       9.00639648e+01, 2.11910431e+02, 2.88870392e+02, 2.16253525e+02,
       2.50579315e+02, 2.20635300e+02, 2.12252167e+02, 2.24843903e+02,
       1.73724915e+02, 2.28801575e+02, 1.34902740e+02, 2.33020355e+02,
       9.56488419e+01, 2.50388351e+02, 2.92772644e+02, 2.54731323e+02,
       2.54760010e+02, 2.59149597e+02, 2.16720871e+02, 2.63439514e+02,
       1.78573395e+02, 2.67666748e+02, 1.39845413e+02, 2.71770020e+02,
       1.00816818e+02, 2.88300659e+02, 2.96759735e+02, 2.92662415e+02,
       2.58887848e+02, 2.96909546e+02, 2.21100067e+02, 3.01292938e+02,
       1.83186539e+02, 3.05696960e+02, 1.44858658e+02, 3.10279907e+02,
       1.06212090e+02, 3.25977814e+02, 3.00626862e+02, 3.30114716e+02,
       2.63002075e+02, 3.34415161e+02, 2.25418900e+02, 3.38741394e+02,
       1.87600479e+02, 3.43422485e+02, 1.49675491e+02, 3.48207977e+02,
       1.11357018e+02, 3.63181091e+02, 3.04583588e+02, 3.67279236e+02,
       2.67088074e+02, 3.71561066e+02, 2.29571655e+02, 3.76061310e+02,
       1.92107544e+02, 3.80920502e+02, 1.54328842e+02, 3.85815002e+02,
       1.15963295e+02, 4.00110809e+02, 3.08524109e+02, 4.04166473e+02,
       2.71223450e+02, 4.08391083e+02, 2.33786316e+02, 4.13152191e+02,
       1.96551910e+02, 4.18324432e+02, 1.58784424e+02, 4.23669159e+02,
       1.20647713e+02, 4.36847260e+02, 3.12520508e+02, 4.40712250e+02,
       2.75314117e+02, 4.44802704e+02, 2.38191345e+02, 4.50011749e+02,
       2.00917297e+02, 4.55463196e+02, 1.63433716e+02, 4.60777344e+02,
       1.25321068e+02, 1.88769852e+02, 2.92639801e+02, 1.94364471e+02,
       2.52155182e+02, 1.99715622e+02, 2.11355347e+02, 2.05054596e+02,
       1.70278885e+02, 2.10267151e+02, 1.28613434e+02, 2.15081833e+02,
       8.61782990e+01, 2.29973068e+02, 2.97569366e+02, 2.35332840e+02,
       2.57433258e+02, 2.40910675e+02, 2.17021469e+02, 2.46379120e+02,
       1.76382294e+02, 2.51581284e+02, 1.35105667e+02, 2.57095886e+02,
       9.31282883e+01, 2.70336212e+02, 3.02727783e+02, 2.75838043e+02,
       2.62942780e+02, 2.81447510e+02, 2.22718521e+02, 2.87023499e+02,
       1.82406143e+02, 2.92687103e+02, 1.41265366e+02, 2.98410004e+02,
       9.95764389e+01, 3.10261993e+02, 3.07990997e+02, 3.15802826e+02,
       2.68300812e+02, 3.21424316e+02, 2.28346191e+02, 3.27090057e+02,
       1.88042114e+02, 3.33122864e+02, 1.47439270e+02, 3.39224487e+02,
       1.05901108e+02, 3.49578278e+02, 3.12990906e+02, 3.55333466e+02,
       2.73457153e+02, 3.60862213e+02, 2.33684677e+02, 3.66872528e+02,
       1.93636673e+02, 3.73053101e+02, 1.53380020e+02, 3.79585510e+02,
       1.12289314e+02, 3.88805267e+02, 3.18308228e+02, 3.94477081e+02,
       2.78666412e+02, 4.00362427e+02, 2.39256561e+02, 4.06489838e+02,
       1.99422501e+02, 4.13173767e+02, 1.59257156e+02, 4.20009033e+02,
       1.18217758e+02, 4.27906647e+02, 3.23493683e+02, 4.33498596e+02,
       2.84132935e+02, 4.39368042e+02, 2.44669724e+02, 4.45991364e+02,
       2.05183884e+02, 4.53219940e+02, 1.64936462e+02, 4.60700378e+02,
       1.24186974e+02, 4.67045319e+02, 3.28778046e+02, 4.72517792e+02,
       2.89476318e+02, 4.78385559e+02, 2.50236404e+02, 4.85514130e+02,
       2.10697571e+02, 4.93186951e+02, 1.70761032e+02, 5.00635101e+02,
       1.29844543e+02, 1.99267624e+02, 2.96651093e+02, 2.05281189e+02,
       2.54419632e+02, 2.11178070e+02, 2.12039505e+02, 2.16865875e+02,
       1.69520065e+02, 2.22567474e+02, 1.26531105e+02, 2.27810791e+02,
       8.27510681e+01, 2.41812393e+02, 3.01788574e+02, 2.47671799e+02,
       2.60042999e+02, 2.53602417e+02, 2.18098892e+02, 2.59502625e+02,
       1.75883011e+02, 2.65288818e+02, 1.33284103e+02, 2.71199097e+02,
       8.98765793e+01, 2.83751312e+02, 3.07369904e+02, 2.89657257e+02,
       2.65759674e+02, 2.95541138e+02, 2.24102905e+02, 3.01522461e+02,
       1.82277878e+02, 3.07578796e+02, 1.39694931e+02, 3.13679749e+02,
       9.66435242e+01, 3.25295746e+02, 3.12797668e+02, 3.31094696e+02,
       2.71461212e+02, 3.36997314e+02, 2.29815536e+02, 3.42803223e+02,
       1.88256073e+02, 3.49263123e+02, 1.46258163e+02, 3.55647095e+02,
       1.03445671e+02, 3.66184692e+02, 3.18299438e+02, 3.72030365e+02,
       2.76824890e+02, 3.77722443e+02, 2.35610229e+02, 3.84021912e+02,
       1.94241348e+02, 3.90473083e+02, 1.52477859e+02, 3.97314484e+02,
       1.09988968e+02, 4.07038055e+02, 3.23651886e+02, 4.12598846e+02,
       2.82502167e+02, 4.18598145e+02, 2.41405838e+02, 4.24883057e+02,
       2.00178543e+02, 4.31995148e+02, 1.58564682e+02, 4.39113525e+02,
       1.16132553e+02, 4.47603333e+02, 3.29270172e+02, 4.53209290e+02,
       2.88225311e+02, 4.59111847e+02, 2.47271286e+02, 4.65876617e+02,
       2.06188919e+02, 4.73433411e+02, 1.64524109e+02, 4.81307617e+02,
       1.22281982e+02, 4.88455444e+02, 3.35084106e+02, 4.93697754e+02,
       2.93892242e+02, 4.99646942e+02, 2.53044373e+02, 5.07062439e+02,
       2.12134140e+02, 5.14802490e+02, 1.70555130e+02, 5.22467346e+02,
       1.28404938e+02, 1.88764252e+02, 2.84481995e+02, 1.91425446e+02,
       2.40310638e+02, 1.93626999e+02, 1.96102554e+02, 1.95831635e+02,
       1.51655334e+02, 1.97841187e+02, 1.06567574e+02, 1.99589706e+02,
       6.06868706e+01, 2.33500702e+02, 2.86278412e+02, 2.35744812e+02,
       2.42566422e+02, 2.38367203e+02, 1.98952850e+02, 2.40688675e+02,
       1.54988403e+02, 2.42751038e+02, 1.10282684e+02, 2.45171265e+02,
       6.51283035e+01, 2.77163513e+02, 2.88145020e+02, 2.79593536e+02,
       2.44886002e+02, 2.81903168e+02, 2.01601608e+02, 2.84505066e+02,
       1.58013489e+02, 2.87027161e+02, 1.13976608e+02, 2.89577606e+02,
       6.87897186e+01, 3.20000916e+02, 2.89967285e+02, 3.22259796e+02,
       2.47180328e+02, 3.24542236e+02, 2.04186096e+02, 3.27064484e+02,
       1.61251175e+02, 3.29815765e+02, 1.17595596e+02, 3.32755798e+02,
       7.32697830e+01, 3.61911987e+02, 2.91691498e+02, 3.64269653e+02,
       2.49308838e+02, 3.66439484e+02, 2.06772980e+02, 3.69068176e+02,
       1.64192108e+02, 3.72016907e+02, 1.21075935e+02, 3.75388275e+02,
       7.70955200e+01, 4.03514526e+02, 2.93628632e+02, 4.05518066e+02,
       2.51466827e+02, 4.07869904e+02, 2.09324295e+02, 4.10814941e+02,
       1.66857422e+02, 4.14267578e+02, 1.23935883e+02, 4.17850250e+02,
       8.02748337e+01, 4.44536194e+02, 2.95546478e+02, 4.46499695e+02,
       2.53615784e+02, 4.48770294e+02, 2.11759354e+02, 4.51865936e+02,
       1.69648987e+02, 4.55971985e+02, 1.26793205e+02, 4.60305969e+02,
       8.33009644e+01, 4.85475433e+02, 2.97678497e+02, 4.87208771e+02,
       2.55713470e+02, 4.89389801e+02, 2.14305267e+02, 4.93152863e+02,
       1.72440491e+02, 4.97417694e+02, 1.29687180e+02, 5.01318481e+02,
       8.66406784e+01, 4.22617645e+02, 9.69005585e+01, 4.26962616e+02,
       1.29316772e+02, 4.31378448e+02, 1.62671310e+02, 4.35934143e+02,
       1.97326859e+02, 4.41673584e+02, 2.31609940e+02, 4.47979279e+02,
       2.67379913e+02, 3.88185303e+02, 9.75195999e+01, 3.91706665e+02,
       1.30694855e+02, 3.95557709e+02, 1.64465195e+02, 3.99915497e+02,
       1.98650284e+02, 4.04916687e+02, 2.33497284e+02, 4.10356018e+02,
       2.69448822e+02, 3.52953003e+02, 9.93241806e+01, 3.56229828e+02,
       1.32292023e+02, 3.59609558e+02, 1.65865967e+02, 3.63466980e+02,
       2.00349197e+02, 3.67678802e+02, 2.35254257e+02, 3.72291534e+02,
       2.71592896e+02, 3.17507111e+02, 1.00735451e+02, 3.20372040e+02,
       1.33937256e+02, 3.23272064e+02, 1.67543884e+02, 3.26504028e+02,
       2.01977356e+02, 3.29957764e+02, 2.37347275e+02, 3.33727325e+02,
       2.73862335e+02, 2.81758636e+02, 1.01228973e+02, 2.84167725e+02,
       1.34443771e+02, 2.86512054e+02, 1.68777573e+02, 2.89100220e+02,
       2.03115906e+02, 2.91745026e+02, 2.38591202e+02, 2.94611755e+02,
       2.75894226e+02, 2.45454437e+02, 1.00465462e+02, 2.47473358e+02,
       1.34785629e+02, 2.49316376e+02, 1.69211609e+02, 2.51157547e+02,
       2.04639465e+02, 2.52973404e+02, 2.40342194e+02, 2.54882401e+02,
       2.78186920e+02, 2.08535080e+02, 1.02165703e+02, 2.09693207e+02,
       1.35567841e+02, 2.11263962e+02, 1.70636063e+02, 2.12356079e+02,
       2.06004364e+02, 2.13333923e+02, 2.42344131e+02, 2.14466934e+02,
       2.80450470e+02, 1.70566940e+02, 1.02532516e+02, 1.71484604e+02,
       1.36760269e+02, 1.72126404e+02, 1.71599426e+02, 1.72433167e+02,
       2.07264252e+02, 1.72602524e+02, 2.44073135e+02, 1.72644012e+02,
       2.82403442e+02, 4.22617645e+02, 9.69005585e+01, 4.26962616e+02,
       1.29316772e+02, 4.31378448e+02, 1.62671310e+02, 4.35934143e+02,
       1.97326859e+02, 4.41673584e+02, 2.31609940e+02, 4.47979279e+02,
       2.67379913e+02, 3.88185303e+02, 9.75195999e+01, 3.91706665e+02,
       1.30694855e+02, 3.95557709e+02, 1.64465195e+02, 3.99915497e+02,
       1.98650284e+02, 4.04916687e+02, 2.33497284e+02, 4.10356018e+02,
       2.69448822e+02, 3.52953003e+02, 9.93241806e+01, 3.56229828e+02,
       1.32292023e+02, 3.59609558e+02, 1.65865967e+02, 3.63466980e+02,
       2.00349197e+02, 3.67678802e+02, 2.35254257e+02, 3.72291534e+02,
       2.71592896e+02, 3.17507111e+02, 1.00735451e+02, 3.20372040e+02,
       1.33937256e+02, 3.23272064e+02, 1.67543884e+02, 3.26504028e+02,
       2.01977356e+02, 3.29957764e+02, 2.37347275e+02, 3.33727325e+02,
       2.73862335e+02, 2.81758636e+02, 1.01228973e+02, 2.84167725e+02,
       1.34443771e+02, 2.86512054e+02, 1.68777573e+02, 2.89100220e+02,
       2.03115906e+02, 2.91745026e+02, 2.38591202e+02, 2.94611755e+02,
       2.75894226e+02, 2.45454437e+02, 1.00465462e+02, 2.47473358e+02,
       1.34785629e+02, 2.49316376e+02, 1.69211609e+02, 2.51157547e+02,
       2.04639465e+02, 2.52973404e+02, 2.40342194e+02, 2.54882401e+02,
       2.78186920e+02, 2.08535080e+02, 1.02165703e+02, 2.09693207e+02,
       1.35567841e+02, 2.11263962e+02, 1.70636063e+02, 2.12356079e+02,
       2.06004364e+02, 2.13333923e+02, 2.42344131e+02, 2.14466934e+02,
       2.80450470e+02, 1.70566940e+02, 1.02532516e+02, 1.71484604e+02,
       1.36760269e+02, 1.72126404e+02, 1.71599426e+02, 1.72433167e+02,
       2.07264252e+02, 1.72602524e+02, 2.44073135e+02, 1.72644012e+02,
       2.82403442e+02 ]
