00的图片小于10张，对于00提供的相机内参数矩阵放弃，本次项目采用14的


00：
 data: [ 8.7423920600863516e+02, 0., 6.3757265713295544e+02, 0.,
       8.7423920600863516e+02, 3.7465588336235612e+02, 0., 0., 1. ]
 
01：
 data: [ 3.1644100671434489e+02, 0., 3.1252734065266975e+02, 0.,
       3.1644100671434489e+02, 2.6037672407283094e+02, 0., 0., 1. ]

02：
 data: [ 3.5224471282388959e+02, 0., 3.1024088720830667e+02, 0.,
       3.5224471282388959e+02, 2.4656212202635768e+02, 0., 0., 1. ]


03：
 data: [ 2.7118412929230863e+02, 0., 2.9456101383139008e+02, 0.,
       2.7118412929230863e+02, 2.4414717320804763e+02, 0., 0., 1. ]
04
data: [ 2.8699531175338433e+02, 0., 3.3994265485231602e+02, 0.,
       2.8699531175338433e+02, 2.1971320728547860e+02, 0., 0., 1. ]
05
data: [ 3.4062380064338640e+02, 0., 2.8732014881217032e+02, 0.,
       3.4062380064338640e+02, 2.1711491354200609e+02, 0., 0., 1. ]
06
 data: [ 4.0587026109313848e+02, 0., 3.0834599175253180e+02, 0.,
       4.0587026109313848e+02, 2.3176668123557050e+02, 0., 0., 1. ]
07
data: [ 5.3454226691299687e+02, 0., 2.4732095231791052e+02, 0.,
       5.3454226691299687e+02, 2.1558328228384977e+02, 0., 0., 1. ]

08
 data: [ 4.2054668138228999e+02, 0., 3.1373454427374207e+02, 0.,
       4.2054668138228999e+02, 2.4773076855962384e+02, 0., 0., 1. ]
09
data: [ 4.4776715493771832e+02, 0., 3.1319530078638701e+02, 0.,
       4.4776715493771832e+02, 2.4048628945316418e+02, 0., 0., 1. ]
10
data: [ 4.4008076805031061e+02, 0., 3.2081389008276221e+02, 0.,
       4.4008076805031061e+02, 2.4401079293234423e+02, 0., 0., 1. ]
11
data: [ 4.3520589721869908e+02, 0., 3.1662780029169710e+02, 0.,
       4.3520589721869908e+02, 2.5805593244941940e+02, 0., 0., 1. ]
12
 data: [ 6.3234045768115368e+02, 0., 3.0412016596641274e+02, 0.,
       6.3234045768115368e+02, 2.2292396064149801e+02, 0., 0., 1. ]
13
   data: [ 6.3710993321732030e+02, 0., 3.4798238691222372e+02, 0.,
       6.3710993321732030e+02, 2.3635076628012328e+02, 0., 0., 1. ]
14:
   data: [ 6.3558620630096607e+02, 0., 3.3145245292693016e+02, 0.,
       6.3558620630096607e+02, 2.3009181964267063e+02, 0., 0., 1. ]