2,1,729,12,53,158,-1,-1,-1,-1
2,2,593,21,50,171,-1,-1,-1,-1
2,3,672,169,82,201,-1,-1,-1,-1
2,4,164,449,97,234,-1,-1,-1,-1
3,1,726,13,54,157,-1,-1,-1,-1
3,2,590,25,51,175,-1,-1,-1,-1
3,3,673,175,85,207,-1,-1,-1,-1
3,4,164,439,102,246,-1,-1,-1,-1
4,1,720,14,54,159,-1,-1,-1,-1
4,2,587,28,51,175,-1,-1,-1,-1
4,3,671,179,85,209,-1,-1,-1,-1
4,4,174,436,103,245,-1,-1,-1,-1
5,1,717,15,53,159,-1,-1,-1,-1
5,2,584,29,51,176,-1,-1,-1,-1
5,3,671,185,83,205,-1,-1,-1,-1
5,4,178,428,108,257,-1,-1,-1,-1
6,1,717,16,52,159,-1,-1,-1,-1
6,2,581,31,50,173,-1,-1,-1,-1
6,3,669,189,82,199,-1,-1,-1,-1
6,4,182,426,110,260,-1,-1,-1,-1
7,1,716,18,52,156,-1,-1,-1,-1
7,2,581,32,49,171,-1,-1,-1,-1
7,3,664,189,83,202,-1,-1,-1,-1
7,4,185,424,111,263,-1,-1,-1,-1
8,1,715,22,50,150,-1,-1,-1,-1
8,2,577,33,49,170,-1,-1,-1,-1
8,3,658,188,86,210,-1,-1,-1,-1
8,4,189,421,113,265,-1,-1,-1,-1
9,1,711,26,50,148,-1,-1,-1,-1
9,2,576,34,48,170,-1,-1,-1,-1
9,3,655,188,86,214,-1,-1,-1,-1
9,4,197,415,113,267,-1,-1,-1,-1
10,1,709,28,50,147,-1,-1,-1,-1
10,2,574,37,46,165,-1,-1,-1,-1
10,3,652,187,88,223,-1,-1,-1,-1
10,4,202,412,112,268,-1,-1,-1,-1
11,1,706,29,52,149,-1,-1,-1,-1
11,2,573,38,46,166,-1,-1,-1,-1
11,3,649,183,90,235,-1,-1,-1,-1
11,4,213,414,103,250,-1,-1,-1,-1
12,1,703,28,54,156,-1,-1,-1,-1
12,2,569,37,48,175,-1,-1,-1,-1
12,3,648,188,90,237,-1,-1,-1,-1
12,4,221,405,97,240,-1,-1,-1,-1
13,1,701,26,56,163,-1,-1,-1,-1
13,2,568,39,48,176,-1,-1,-1,-1
13,3,644,195,87,232,-1,-1,-1,-1
13,4,225,399,96,243,-1,-1,-1,-1
14,1,699,26,56,165,-1,-1,-1,-1
14,2,568,39,48,180,-1,-1,-1,-1
14,3,643,203,83,220,-1,-1,-1,-1
14,4,229,394,95,246,-1,-1,-1,-1
15,1,698,29,56,166,-1,-1,-1,-1
15,2,563,41,50,183,-1,-1,-1,-1
15,3,643,211,79,212,-1,-1,-1,-1
15,4,230,391,95,251,-1,-1,-1,-1
16,1,695,30,56,167,-1,-1,-1,-1
16,2,561,43,50,182,-1,-1,-1,-1
16,3,641,220,75,200,-1,-1,-1,-1
16,4,239,386,94,253,-1,-1,-1,-1
17,1,694,31,55,166,-1,-1,-1,-1
17,2,560,44,49,182,-1,-1,-1,-1
17,3,638,225,75,200,-1,-1,-1,-1
17,4,244,381,94,258,-1,-1,-1,-1
18,1,693,32,55,165,-1,-1,-1,-1
18,2,558,47,49,177,-1,-1,-1,-1
18,3,633,224,81,220,-1,-1,-1,-1
18,4,254,382,94,254,-1,-1,-1,-1
19,1,691,34,54,164,-1,-1,-1,-1
19,2,556,48,49,175,-1,-1,-1,-1
19,3,627,222,84,233,-1,-1,-1,-1
19,4,257,381,96,254,-1,-1,-1,-1
20,1,688,38,53,162,-1,-1,-1,-1
20,2,553,52,49,175,-1,-1,-1,-1
20,3,622,225,82,230,-1,-1,-1,-1
20,4,259,377,96,253,-1,-1,-1,-1
21,1,684,39,55,165,-1,-1,-1,-1
21,2,551,53,50,176,-1,-1,-1,-1
21,3,618,228,79,222,-1,-1,-1,-1
21,4,259,374,97,253,-1,-1,-1,-1
22,1,682,40,54,165,-1,-1,-1,-1
22,2,550,54,49,176,-1,-1,-1,-1
22,3,612,227,81,229,-1,-1,-1,-1
22,4,269,376,88,230,-1,-1,-1,-1
23,1,680,42,55,166,-1,-1,-1,-1
23,2,548,54,51,178,-1,-1,-1,-1
23,3,607,227,84,237,-1,-1,-1,-1
23,4,274,375,84,221,-1,-1,-1,-1
24,1,676,44,54,168,-1,-1,-1,-1
24,2,544,57,49,173,-1,-1,-1,-1
24,3,605,236,81,228,-1,-1,-1,-1
24,4,281,365,86,228,-1,-1,-1,-1
25,1,673,47,53,166,-1,-1,-1,-1
25,2,540,56,51,179,-1,-1,-1,-1
25,3,600,239,88,246,-1,-1,-1,-1
25,4,287,359,85,229,-1,-1,-1,-1
26,1,670,48,52,164,-1,-1,-1,-1
26,2,537,58,52,184,-1,-1,-1,-1
26,3,596,244,93,257,-1,-1,-1,-1
26,4,294,359,81,217,-1,-1,-1,-1
27,1,668,49,51,164,-1,-1,-1,-1
27,2,537,60,52,185,-1,-1,-1,-1
27,3,589,251,93,252,-1,-1,-1,-1
27,4,299,357,80,215,-1,-1,-1,-1
28,1,661,49,54,170,-1,-1,-1,-1
28,2,532,66,51,181,-1,-1,-1,-1
28,3,585,258,92,241,-1,-1,-1,-1
28,4,311,357,76,204,-1,-1,-1,-1
29,1,659,50,53,169,-1,-1,-1,-1
29,2,527,68,52,184,-1,-1,-1,-1
29,3,575,264,99,252,-1,-1,-1,-1
29,4,319,356,74,198,-1,-1,-1,-1
30,1,658,52,53,165,-1,-1,-1,-1
30,2,524,69,51,186,-1,-1,-1,-1
30,3,569,266,104,258,-1,-1,-1,-1
30,4,326,355,74,196,-1,-1,-1,-1
31,1,657,52,53,166,-1,-1,-1,-1
31,2,522,72,51,181,-1,-1,-1,-1
31,3,567,268,106,259,-1,-1,-1,-1
31,4,326,351,79,207,-1,-1,-1,-1
32,1,653,55,54,171,-1,-1,-1,-1
32,2,520,74,49,177,-1,-1,-1,-1
32,3,562,275,104,251,-1,-1,-1,-1
32,4,327,343,85,225,-1,-1,-1,-1
33,1,648,60,55,168,-1,-1,-1,-1
33,2,519,76,48,173,-1,-1,-1,-1
33,3,566,283,95,231,-1,-1,-1,-1
33,4,330,338,86,232,-1,-1,-1,-1
34,1,644,63,56,168,-1,-1,-1,-1
34,2,517,76,50,183,-1,-1,-1,-1
34,3,565,287,90,221,-1,-1,-1,-1
34,4,334,331,88,240,-1,-1,-1,-1
35,1,643,65,56,167,-1,-1,-1,-1
35,2,514,73,50,184,-1,-1,-1,-1
35,3,562,289,90,223,-1,-1,-1,-1
35,4,339,324,88,247,-1,-1,-1,-1
36,1,640,65,57,172,-1,-1,-1,-1
36,2,511,74,51,188,-1,-1,-1,-1
36,3,557,290,94,236,-1,-1,-1,-1
36,4,346,324,83,230,-1,-1,-1,-1
37,1,637,66,58,174,-1,-1,-1,-1
37,2,509,76,51,188,-1,-1,-1,-1
37,3,557,300,90,233,-1,-1,-1,-1
37,4,351,323,79,224,-1,-1,-1,-1
38,1,634,66,58,177,-1,-1,-1,-1
38,2,507,75,51,193,-1,-1,-1,-1
38,3,553,303,91,236,-1,-1,-1,-1
38,4,353,322,77,219,-1,-1,-1,-1
39,1,631,66,59,181,-1,-1,-1,-1
39,2,506,79,51,193,-1,-1,-1,-1
39,3,553,312,86,221,-1,-1,-1,-1
39,4,354,321,76,218,-1,-1,-1,-1
40,1,628,68,59,183,-1,-1,-1,-1
40,2,500,85,52,192,-1,-1,-1,-1
40,3,549,330,79,200,-1,-1,-1,-1
40,4,368,322,74,210,-1,-1,-1,-1
41,1,625,68,59,184,-1,-1,-1,-1
41,2,495,89,54,193,-1,-1,-1,-1
41,3,532,319,98,251,-1,-1,-1,-1
41,4,377,321,73,209,-1,-1,-1,-1
42,1,622,70,58,183,-1,-1,-1,-1
42,2,492,90,56,197,-1,-1,-1,-1
42,3,526,318,105,268,-1,-1,-1,-1
42,4,382,319,74,210,-1,-1,-1,-1
43,1,621,73,57,181,-1,-1,-1,-1
43,2,490,92,56,196,-1,-1,-1,-1
43,3,524,322,105,270,-1,-1,-1,-1
43,4,384,317,77,217,-1,-1,-1,-1
44,1,618,78,58,181,-1,-1,-1,-1
44,2,486,96,55,188,-1,-1,-1,-1
44,3,517,332,101,256,-1,-1,-1,-1
44,4,390,315,77,218,-1,-1,-1,-1
44,5,65,596,118,123,-1,-1,-1,-1
45,1,616,80,58,182,-1,-1,-1,-1
45,2,482,98,54,184,-1,-1,-1,-1
45,3,513,334,100,251,-1,-1,-1,-1
45,4,395,313,78,219,-1,-1,-1,-1
45,5,71,589,127,130,-1,-1,-1,-1
46,1,614,81,59,183,-1,-1,-1,-1
46,2,478,99,54,184,-1,-1,-1,-1
46,3,510,336,97,249,-1,-1,-1,-1
46,4,401,310,70,198,-1,-1,-1,-1
46,5,74,583,132,136,-1,-1,-1,-1
47,1,613,85,58,178,-1,-1,-1,-1
47,2,474,97,57,196,-1,-1,-1,-1
47,3,507,337,97,251,-1,-1,-1,-1
47,4,404,307,69,193,-1,-1,-1,-1
47,5,75,579,134,140,-1,-1,-1,-1
48,1,607,86,58,178,-1,-1,-1,-1
48,2,470,100,57,195,-1,-1,-1,-1
48,3,504,344,89,230,-1,-1,-1,-1
48,4,412,296,74,210,-1,-1,-1,-1
48,5,87,572,139,147,-1,-1,-1,-1
49,1,604,87,58,179,-1,-1,-1,-1
49,2,468,101,56,194,-1,-1,-1,-1
49,3,491,347,91,229,-1,-1,-1,-1
49,4,419,292,74,214,-1,-1,-1,-1
49,5,91,562,149,157,-1,-1,-1,-1
50,1,599,88,59,184,-1,-1,-1,-1
50,2,465,101,57,197,-1,-1,-1,-1
50,3,481,352,101,253,-1,-1,-1,-1
50,4,425,289,73,214,-1,-1,-1,-1
50,5,95,554,156,165,-1,-1,-1,-1
51,1,594,88,60,187,-1,-1,-1,-1
51,2,464,102,58,199,-1,-1,-1,-1
51,3,476,354,109,271,-1,-1,-1,-1
51,4,432,289,71,211,-1,-1,-1,-1
51,5,100,549,158,170,-1,-1,-1,-1
52,1,591,91,59,182,-1,-1,-1,-1
52,2,462,111,54,185,-1,-1,-1,-1
52,3,464,357,118,292,-1,-1,-1,-1
52,4,437,283,67,201,-1,-1,-1,-1
52,5,108,541,161,178,-1,-1,-1,-1
53,1,589,94,58,181,-1,-1,-1,-1
53,2,462,120,51,173,-1,-1,-1,-1
53,3,458,364,122,299,-1,-1,-1,-1
53,4,439,277,67,204,-1,-1,-1,-1
53,5,117,532,169,187,-1,-1,-1,-1
54,1,588,97,58,179,-1,-1,-1,-1
54,2,459,123,51,172,-1,-1,-1,-1
54,3,457,373,122,292,-1,-1,-1,-1
54,4,444,273,67,204,-1,-1,-1,-1
54,5,120,525,174,194,-1,-1,-1,-1
55,1,586,99,58,179,-1,-1,-1,-1
55,2,455,126,52,171,-1,-1,-1,-1
55,3,454,376,122,290,-1,-1,-1,-1
55,5,124,521,175,198,-1,-1,-1,-1
56,1,578,100,63,190,-1,-1,-1,-1
56,2,452,129,51,169,-1,-1,-1,-1
56,3,444,386,124,294,-1,-1,-1,-1
56,5,136,513,180,206,-1,-1,-1,-1
57,1,574,102,64,192,-1,-1,-1,-1
57,2,449,130,51,168,-1,-1,-1,-1
57,3,442,394,121,290,-1,-1,-1,-1
57,4,469,274,64,190,-1,-1,-1,-1
57,5,145,509,181,210,-1,-1,-1,-1
58,1,570,105,64,190,-1,-1,-1,-1
58,2,446,131,52,171,-1,-1,-1,-1
58,3,439,393,122,297,-1,-1,-1,-1
58,4,472,273,63,189,-1,-1,-1,-1
58,5,148,505,182,214,-1,-1,-1,-1
59,1,569,108,63,186,-1,-1,-1,-1
59,2,442,131,53,172,-1,-1,-1,-1
59,3,435,389,123,305,-1,-1,-1,-1
59,4,472,271,65,193,-1,-1,-1,-1
59,5,163,506,176,213,-1,-1,-1,-1
60,1,566,109,64,186,-1,-1,-1,-1
60,2,440,133,55,181,-1,-1,-1,-1
60,3,427,389,119,302,-1,-1,-1,-1
60,4,477,267,65,197,-1,-1,-1,-1
60,5,169,500,177,219,-1,-1,-1,-1
61,1,565,109,64,189,-1,-1,-1,-1
61,2,436,132,56,188,-1,-1,-1,-1
61,3,425,412,111,281,-1,-1,-1,-1
61,4,478,260,68,210,-1,-1,-1,-1
61,5,174,495,177,224,-1,-1,-1,-1
62,1,562,110,65,191,-1,-1,-1,-1
62,2,432,130,57,195,-1,-1,-1,-1
62,3,427,433,99,257,-1,-1,-1,-1
62,4,483,258,68,214,-1,-1,-1,-1
62,5,178,489,176,230,-1,-1,-1,-1
62,7,678,0,97,38,-1,-1,-1,-1
63,1,560,110,65,194,-1,-1,-1,-1
63,2,428,129,57,198,-1,-1,-1,-1
63,3,417,437,101,262,-1,-1,-1,-1
63,4,487,256,67,216,-1,-1,-1,-1
63,5,180,485,175,234,-1,-1,-1,-1
63,7,677,0,98,39,-1,-1,-1,-1
64,1,557,115,64,190,-1,-1,-1,-1
64,2,423,131,58,207,-1,-1,-1,-1
64,3,406,436,113,283,-1,-1,-1,-1
64,4,493,257,67,214,-1,-1,-1,-1
64,5,185,476,173,243,-1,-1,-1,-1
64,7,676,0,99,39,-1,-1,-1,-1
65,1,555,120,63,187,-1,-1,-1,-1
65,2,420,134,58,209,-1,-1,-1,-1
65,3,400,439,119,280,-1,-1,-1,-1
65,4,497,259,67,211,-1,-1,-1,-1
65,5,191,472,167,247,-1,-1,-1,-1
66,1,554,122,63,188,-1,-1,-1,-1
66,2,418,137,58,208,-1,-1,-1,-1
66,3,400,450,117,269,-1,-1,-1,-1
66,4,502,257,65,199,-1,-1,-1,-1
66,5,199,467,161,252,-1,-1,-1,-1
67,1,552,125,63,186,-1,-1,-1,-1
67,2,417,139,57,208,-1,-1,-1,-1
67,3,400,460,112,259,-1,-1,-1,-1
67,4,505,256,64,194,-1,-1,-1,-1
67,5,206,464,158,255,-1,-1,-1,-1
68,1,547,136,61,178,-1,-1,-1,-1
68,2,407,136,65,231,-1,-1,-1,-1
68,3,384,472,109,247,-1,-1,-1,-1
68,4,511,254,66,195,-1,-1,-1,-1
68,5,220,458,159,261,-1,-1,-1,-1
69,1,544,141,60,173,-1,-1,-1,-1
69,2,404,139,65,235,-1,-1,-1,-1
69,3,373,479,110,240,-1,-1,-1,-1
69,4,513,249,68,204,-1,-1,-1,-1
69,5,227,455,157,264,-1,-1,-1,-1
70,1,543,138,59,168,-1,-1,-1,-1
70,2,402,144,63,230,-1,-1,-1,-1
70,3,365,483,109,236,-1,-1,-1,-1
70,4,497,249,78,218,-1,-1,-1,-1
70,5,235,449,158,270,-1,-1,-1,-1
71,1,542,144,58,163,-1,-1,-1,-1
71,2,400,148,62,222,-1,-1,-1,-1
71,3,354,485,112,234,-1,-1,-1,-1
71,4,491,242,84,225,-1,-1,-1,-1
71,5,240,443,161,276,-1,-1,-1,-1
72,1,535,146,60,170,-1,-1,-1,-1
72,2,397,155,58,209,-1,-1,-1,-1
72,3,345,493,110,226,-1,-1,-1,-1
72,4,490,237,86,222,-1,-1,-1,-1
72,5,247,434,161,285,-1,-1,-1,-1
73,1,531,149,61,168,-1,-1,-1,-1
73,2,394,159,58,204,-1,-1,-1,-1
73,3,325,499,112,220,-1,-1,-1,-1
73,4,505,239,80,205,-1,-1,-1,-1
73,5,252,428,164,291,-1,-1,-1,-1
74,1,528,152,59,159,-1,-1,-1,-1
74,2,392,160,58,206,-1,-1,-1,-1
74,3,320,505,110,214,-1,-1,-1,-1
74,4,514,238,78,201,-1,-1,-1,-1
75,1,524,153,62,160,-1,-1,-1,-1
75,2,389,163,59,202,-1,-1,-1,-1
75,3,312,512,109,207,-1,-1,-1,-1
75,4,520,237,77,199,-1,-1,-1,-1
75,5,282,432,159,287,-1,-1,-1,-1
76,1,514,155,76,196,-1,-1,-1,-1
76,2,386,167,58,198,-1,-1,-1,-1
76,3,312,525,105,194,-1,-1,-1,-1
76,4,530,228,76,202,-1,-1,-1,-1
76,5,303,426,112,220,-1,-1,-1,-1
77,1,505,149,94,247,-1,-1,-1,-1
77,2,382,171,60,196,-1,-1,-1,-1
77,3,304,534,104,185,-1,-1,-1,-1
77,4,534,225,76,201,-1,-1,-1,-1
77,5,311,422,110,216,-1,-1,-1,-1
78,1,504,151,100,258,-1,-1,-1,-1
78,2,374,164,69,228,-1,-1,-1,-1
78,3,285,539,107,180,-1,-1,-1,-1
78,4,544,235,68,179,-1,-1,-1,-1
78,5,312,415,105,210,-1,-1,-1,-1
79,1,498,156,91,232,-1,-1,-1,-1
79,2,369,164,72,239,-1,-1,-1,-1
79,3,271,537,114,182,-1,-1,-1,-1
79,4,550,235,67,174,-1,-1,-1,-1
79,5,310,408,118,243,-1,-1,-1,-1
79,10,672,0,93,50,-1,-1,-1,-1
80,1,498,164,80,201,-1,-1,-1,-1
80,2,365,174,70,227,-1,-1,-1,-1
80,3,264,555,112,164,-1,-1,-1,-1
80,4,558,227,69,181,-1,-1,-1,-1
80,5,318,403,122,258,-1,-1,-1,-1
80,10,674,0,93,50,-1,-1,-1,-1
81,1,497,167,78,193,-1,-1,-1,-1
81,2,364,184,67,213,-1,-1,-1,-1
81,3,262,565,111,154,-1,-1,-1,-1
81,4,561,223,71,186,-1,-1,-1,-1
81,5,323,400,121,262,-1,-1,-1,-1
82,1,495,170,79,193,-1,-1,-1,-1
82,2,364,192,64,198,-1,-1,-1,-1
82,3,257,571,112,148,-1,-1,-1,-1
82,4,562,221,73,191,-1,-1,-1,-1
82,5,327,398,120,264,-1,-1,-1,-1
83,1,493,170,77,191,-1,-1,-1,-1
83,2,359,196,63,189,-1,-1,-1,-1
83,3,254,582,106,137,-1,-1,-1,-1
83,4,563,219,73,194,-1,-1,-1,-1
83,5,337,392,124,275,-1,-1,-1,-1
83,11,694,0,53,53,-1,-1,-1,-1
84,1,489,173,75,186,-1,-1,-1,-1
84,2,353,201,64,189,-1,-1,-1,-1
84,3,238,589,102,130,-1,-1,-1,-1
84,4,564,211,74,201,-1,-1,-1,-1
84,5,353,390,118,260,-1,-1,-1,-1
84,11,683,0,57,56,-1,-1,-1,-1
85,1,488,175,74,186,-1,-1,-1,-1
85,2,348,202,64,193,-1,-1,-1,-1
85,3,230,595,99,124,-1,-1,-1,-1
85,4,568,207,72,203,-1,-1,-1,-1
85,5,360,388,111,253,-1,-1,-1,-1
85,11,680,0,58,57,-1,-1,-1,-1
86,1,486,176,74,191,-1,-1,-1,-1
86,2,343,202,65,196,-1,-1,-1,-1
86,3,226,600,98,119,-1,-1,-1,-1
86,4,569,203,72,207,-1,-1,-1,-1
86,5,363,389,112,256,-1,-1,-1,-1
86,11,679,0,59,57,-1,-1,-1,-1
87,1,482,175,79,209,-1,-1,-1,-1
87,2,340,200,65,200,-1,-1,-1,-1
87,3,220,607,96,112,-1,-1,-1,-1
87,4,571,200,70,205,-1,-1,-1,-1
87,5,363,387,114,262,-1,-1,-1,-1
87,11,678,0,59,57,-1,-1,-1,-1
88,1,478,179,82,219,-1,-1,-1,-1
88,2,337,203,64,196,-1,-1,-1,-1
88,3,214,620,91,99,-1,-1,-1,-1
88,4,577,202,65,193,-1,-1,-1,-1
88,5,369,380,114,263,-1,-1,-1,-1
88,11,677,0,59,56,-1,-1,-1,-1
89,1,481,186,80,215,-1,-1,-1,-1
89,2,332,200,71,222,-1,-1,-1,-1
89,3,198,632,85,87,-1,-1,-1,-1
89,4,580,203,64,188,-1,-1,-1,-1
89,5,376,373,113,265,-1,-1,-1,-1
89,11,677,0,59,56,-1,-1,-1,-1
90,1,479,190,79,216,-1,-1,-1,-1
90,2,328,201,71,228,-1,-1,-1,-1
90,3,189,641,83,78,-1,-1,-1,-1
90,4,584,203,62,185,-1,-1,-1,-1
90,5,380,369,113,264,-1,-1,-1,-1
90,11,675,0,60,57,-1,-1,-1,-1
91,1,476,195,77,210,-1,-1,-1,-1
91,2,325,206,70,225,-1,-1,-1,-1
91,3,178,651,81,68,-1,-1,-1,-1
91,4,587,203,60,181,-1,-1,-1,-1
91,5,391,362,111,266,-1,-1,-1,-1
91,11,669,0,66,63,-1,-1,-1,-1
92,1,472,200,73,198,-1,-1,-1,-1
92,2,313,205,80,253,-1,-1,-1,-1
92,3,173,660,70,59,-1,-1,-1,-1
92,4,590,204,60,179,-1,-1,-1,-1
92,5,400,359,109,264,-1,-1,-1,-1
92,11,670,0,63,61,-1,-1,-1,-1
93,1,466,202,72,193,-1,-1,-1,-1
93,2,309,209,84,260,-1,-1,-1,-1
93,4,593,204,59,177,-1,-1,-1,-1
93,5,404,356,110,265,-1,-1,-1,-1
93,11,666,0,67,67,-1,-1,-1,-1
94,1,461,203,71,193,-1,-1,-1,-1
94,2,307,214,86,260,-1,-1,-1,-1
94,4,593,201,61,183,-1,-1,-1,-1
94,5,405,348,112,270,-1,-1,-1,-1
94,11,665,0,68,69,-1,-1,-1,-1
95,1,459,203,71,195,-1,-1,-1,-1
95,2,305,217,88,260,-1,-1,-1,-1
95,4,596,198,61,188,-1,-1,-1,-1
95,5,410,346,112,270,-1,-1,-1,-1
95,10,641,0,133,71,-1,-1,-1,-1
95,11,663,0,69,71,-1,-1,-1,-1
96,1,451,209,75,199,-1,-1,-1,-1
96,2,292,227,88,249,-1,-1,-1,-1
96,4,600,192,61,189,-1,-1,-1,-1
96,5,417,344,113,269,-1,-1,-1,-1
96,10,636,0,140,73,-1,-1,-1,-1
97,1,445,210,77,203,-1,-1,-1,-1
97,2,291,235,82,227,-1,-1,-1,-1
97,4,603,190,59,184,-1,-1,-1,-1
97,5,420,340,115,274,-1,-1,-1,-1
97,10,621,0,135,75,-1,-1,-1,-1
98,1,441,212,76,198,-1,-1,-1,-1
98,2,285,239,80,220,-1,-1,-1,-1
98,4,604,188,59,182,-1,-1,-1,-1
98,5,423,341,114,270,-1,-1,-1,-1
98,10,618,0,137,76,-1,-1,-1,-1
98,11,643,0,74,76,-1,-1,-1,-1
99,1,440,219,73,186,-1,-1,-1,-1
99,2,279,239,81,224,-1,-1,-1,-1
99,4,607,183,59,184,-1,-1,-1,-1
99,5,417,341,116,269,-1,-1,-1,-1
99,11,639,0,78,78,-1,-1,-1,-1
100,1,435,226,71,174,-1,-1,-1,-1
100,2,272,241,81,225,-1,-1,-1,-1
100,4,612,182,58,181,-1,-1,-1,-1
100,5,400,343,121,260,-1,-1,-1,-1
100,11,634,0,81,80,-1,-1,-1,-1
101,1,433,233,68,159,-1,-1,-1,-1
101,2,268,245,78,216,-1,-1,-1,-1
101,4,615,181,57,180,-1,-1,-1,-1
101,5,391,337,128,260,-1,-1,-1,-1
101,11,633,0,82,80,-1,-1,-1,-1
102,1,429,239,68,150,-1,-1,-1,-1
102,2,263,252,80,220,-1,-1,-1,-1
102,4,616,181,56,175,-1,-1,-1,-1
102,5,390,332,132,257,-1,-1,-1,-1
102,11,632,0,82,80,-1,-1,-1,-1
103,1,425,243,69,149,-1,-1,-1,-1
103,2,263,256,74,201,-1,-1,-1,-1
103,4,620,182,54,169,-1,-1,-1,-1
103,5,425,324,127,256,-1,-1,-1,-1
103,11,631,0,82,80,-1,-1,-1,-1
104,1,416,245,86,187,-1,-1,-1,-1
104,2,250,255,83,226,-1,-1,-1,-1
104,4,621,177,56,174,-1,-1,-1,-1
104,5,438,313,124,252,-1,-1,-1,-1
104,11,639,0,79,77,-1,-1,-1,-1
105,1,415,248,88,192,-1,-1,-1,-1
105,2,244,258,86,232,-1,-1,-1,-1
105,4,623,174,58,178,-1,-1,-1,-1
105,5,444,310,120,250,-1,-1,-1,-1
105,11,642,0,79,79,-1,-1,-1,-1
106,1,412,253,87,191,-1,-1,-1,-1
106,2,234,256,96,259,-1,-1,-1,-1
106,4,625,172,59,179,-1,-1,-1,-1
106,5,453,308,116,248,-1,-1,-1,-1
106,11,641,0,78,81,-1,-1,-1,-1
107,1,407,255,87,195,-1,-1,-1,-1
107,2,240,268,84,221,-1,-1,-1,-1
107,4,627,170,59,180,-1,-1,-1,-1
107,5,460,306,112,246,-1,-1,-1,-1
107,11,642,0,74,79,-1,-1,-1,-1
108,1,406,259,85,193,-1,-1,-1,-1
108,2,225,274,93,243,-1,-1,-1,-1
108,4,630,167,59,182,-1,-1,-1,-1
108,5,470,303,108,241,-1,-1,-1,-1
108,11,640,0,74,82,-1,-1,-1,-1
109,1,398,252,96,224,-1,-1,-1,-1
109,2,216,280,96,245,-1,-1,-1,-1
109,4,634,166,58,179,-1,-1,-1,-1
109,5,475,297,107,244,-1,-1,-1,-1
109,11,639,0,74,85,-1,-1,-1,-1
110,1,391,258,96,230,-1,-1,-1,-1
110,2,212,283,96,245,-1,-1,-1,-1
110,4,637,164,58,179,-1,-1,-1,-1
110,5,480,296,105,244,-1,-1,-1,-1
110,11,640,0,72,86,-1,-1,-1,-1
111,1,388,266,93,228,-1,-1,-1,-1
111,2,207,283,98,249,-1,-1,-1,-1
111,4,640,164,56,175,-1,-1,-1,-1
111,5,483,296,104,246,-1,-1,-1,-1
111,11,631,0,75,89,-1,-1,-1,-1
112,1,381,275,99,237,-1,-1,-1,-1
112,2,206,287,92,233,-1,-1,-1,-1
112,4,641,158,57,178,-1,-1,-1,-1
112,5,486,294,104,252,-1,-1,-1,-1
112,11,627,0,79,92,-1,-1,-1,-1
113,1,378,279,103,242,-1,-1,-1,-1
113,2,204,289,89,231,-1,-1,-1,-1
113,4,642,162,56,176,-1,-1,-1,-1
113,5,496,291,98,244,-1,-1,-1,-1
113,11,625,0,81,94,-1,-1,-1,-1
114,1,389,283,110,246,-1,-1,-1,-1
114,2,197,290,89,232,-1,-1,-1,-1
114,4,646,159,54,173,-1,-1,-1,-1
114,5,502,285,96,246,-1,-1,-1,-1
114,11,624,0,81,93,-1,-1,-1,-1
115,1,392,287,115,244,-1,-1,-1,-1
115,2,194,295,84,221,-1,-1,-1,-1
115,4,647,157,54,173,-1,-1,-1,-1
115,5,509,282,93,244,-1,-1,-1,-1
115,11,619,0,83,95,-1,-1,-1,-1
116,1,372,295,104,222,-1,-1,-1,-1
116,2,183,299,90,233,-1,-1,-1,-1
116,4,649,158,53,166,-1,-1,-1,-1
116,5,518,276,91,244,-1,-1,-1,-1
116,11,616,0,82,96,-1,-1,-1,-1
117,1,362,300,98,216,-1,-1,-1,-1
117,2,178,301,96,245,-1,-1,-1,-1
117,4,651,156,53,167,-1,-1,-1,-1
117,5,525,274,88,239,-1,-1,-1,-1
117,11,614,0,83,97,-1,-1,-1,-1
118,1,354,299,98,220,-1,-1,-1,-1
118,2,174,303,100,254,-1,-1,-1,-1
118,4,650,154,55,171,-1,-1,-1,-1
118,5,529,272,87,240,-1,-1,-1,-1
118,11,613,0,82,98,-1,-1,-1,-1
119,1,353,305,91,205,-1,-1,-1,-1
119,2,170,307,103,258,-1,-1,-1,-1
119,4,651,152,55,173,-1,-1,-1,-1
119,5,531,271,86,239,-1,-1,-1,-1
119,11,613,0,81,98,-1,-1,-1,-1
120,1,334,306,103,228,-1,-1,-1,-1
120,2,161,312,109,270,-1,-1,-1,-1
120,4,653,150,54,170,-1,-1,-1,-1
120,5,535,267,88,245,-1,-1,-1,-1
120,11,611,0,80,99,-1,-1,-1,-1
121,1,324,311,107,234,-1,-1,-1,-1
121,2,157,318,110,270,-1,-1,-1,-1
121,4,655,147,53,166,-1,-1,-1,-1
121,5,536,269,90,241,-1,-1,-1,-1
121,11,611,0,79,101,-1,-1,-1,-1
122,1,310,314,111,238,-1,-1,-1,-1
122,2,155,326,108,262,-1,-1,-1,-1
122,4,655,143,54,169,-1,-1,-1,-1
122,5,543,268,84,224,-1,-1,-1,-1
122,11,610,0,79,101,-1,-1,-1,-1
123,1,308,317,109,230,-1,-1,-1,-1
123,2,131,330,112,263,-1,-1,-1,-1
123,4,656,139,55,171,-1,-1,-1,-1
123,5,545,267,83,221,-1,-1,-1,-1
123,11,616,0,71,93,-1,-1,-1,-1
124,1,295,323,117,245,-1,-1,-1,-1
124,2,123,336,113,258,-1,-1,-1,-1
124,4,656,134,58,179,-1,-1,-1,-1
124,5,551,259,86,231,-1,-1,-1,-1
124,11,613,0,75,103,-1,-1,-1,-1
125,1,289,328,121,252,-1,-1,-1,-1
125,2,119,338,113,253,-1,-1,-1,-1
125,4,661,133,57,179,-1,-1,-1,-1
125,5,552,254,88,239,-1,-1,-1,-1
125,11,613,0,73,103,-1,-1,-1,-1
126,1,287,330,122,257,-1,-1,-1,-1
126,2,116,342,112,243,-1,-1,-1,-1
126,4,663,131,57,176,-1,-1,-1,-1
126,5,551,248,91,251,-1,-1,-1,-1
126,11,612,0,73,104,-1,-1,-1,-1
127,1,289,334,118,249,-1,-1,-1,-1
127,2,109,341,114,247,-1,-1,-1,-1
127,4,666,131,55,171,-1,-1,-1,-1
127,5,552,244,91,255,-1,-1,-1,-1
127,11,616,0,65,95,-1,-1,-1,-1
128,1,281,339,115,241,-1,-1,-1,-1
128,2,97,343,115,247,-1,-1,-1,-1
128,4,668,132,53,165,-1,-1,-1,-1
128,5,556,238,89,253,-1,-1,-1,-1
128,11,613,0,68,100,-1,-1,-1,-1
129,1,288,343,110,236,-1,-1,-1,-1
129,2,91,346,119,259,-1,-1,-1,-1
129,4,669,132,53,163,-1,-1,-1,-1
129,5,563,239,82,237,-1,-1,-1,-1
129,11,613,0,67,104,-1,-1,-1,-1
130,1,286,350,104,225,-1,-1,-1,-1
130,2,79,342,127,278,-1,-1,-1,-1
130,4,671,129,54,168,-1,-1,-1,-1
130,5,568,239,80,228,-1,-1,-1,-1
130,11,613,0,65,106,-1,-1,-1,-1
131,1,277,349,114,249,-1,-1,-1,-1
131,2,72,344,131,290,-1,-1,-1,-1
131,4,673,126,55,171,-1,-1,-1,-1
131,5,572,238,78,227,-1,-1,-1,-1
131,11,611,0,67,107,-1,-1,-1,-1
132,1,267,355,121,263,-1,-1,-1,-1
132,2,63,350,139,307,-1,-1,-1,-1
132,4,672,121,58,179,-1,-1,-1,-1
132,5,576,239,75,217,-1,-1,-1,-1
132,11,597,0,69,111,-1,-1,-1,-1
133,1,259,362,123,271,-1,-1,-1,-1
133,2,54,348,145,322,-1,-1,-1,-1
133,4,673,119,58,180,-1,-1,-1,-1
133,5,580,240,72,209,-1,-1,-1,-1
133,11,592,0,70,113,-1,-1,-1,-1
134,1,253,364,127,278,-1,-1,-1,-1
134,2,51,354,145,318,-1,-1,-1,-1
134,4,676,119,56,176,-1,-1,-1,-1
134,5,584,239,73,205,-1,-1,-1,-1
134,11,591,0,72,116,-1,-1,-1,-1
135,1,250,369,127,278,-1,-1,-1,-1
135,2,48,365,141,304,-1,-1,-1,-1
135,4,677,118,55,175,-1,-1,-1,-1
135,5,582,230,82,220,-1,-1,-1,-1
135,11,592,0,72,118,-1,-1,-1,-1
136,1,245,378,124,272,-1,-1,-1,-1
136,2,45,377,137,289,-1,-1,-1,-1
136,4,681,118,52,168,-1,-1,-1,-1
136,5,586,230,79,215,-1,-1,-1,-1
136,11,586,0,76,126,-1,-1,-1,-1
137,1,241,381,121,267,-1,-1,-1,-1
137,2,39,378,137,288,-1,-1,-1,-1
137,4,682,119,51,163,-1,-1,-1,-1
137,5,588,228,80,217,-1,-1,-1,-1
137,11,584,0,77,131,-1,-1,-1,-1
138,1,230,383,122,271,-1,-1,-1,-1
138,2,32,370,144,302,-1,-1,-1,-1
138,4,685,119,50,161,-1,-1,-1,-1
138,5,592,222,80,217,-1,-1,-1,-1
138,11,584,0,76,133,-1,-1,-1,-1
139,1,226,385,119,266,-1,-1,-1,-1
139,2,23,380,140,297,-1,-1,-1,-1
139,4,687,117,51,164,-1,-1,-1,-1
139,5,595,220,79,215,-1,-1,-1,-1
139,11,585,0,75,134,-1,-1,-1,-1
140,1,214,392,114,256,-1,-1,-1,-1
140,2,16,391,134,285,-1,-1,-1,-1
140,4,688,117,51,163,-1,-1,-1,-1
140,5,599,221,77,207,-1,-1,-1,-1
140,11,586,0,72,134,-1,-1,-1,-1
141,1,207,397,113,252,-1,-1,-1,-1
141,2,15,405,125,265,-1,-1,-1,-1
141,4,690,114,51,167,-1,-1,-1,-1
141,5,604,216,78,207,-1,-1,-1,-1
141,11,586,0,71,134,-1,-1,-1,-1
142,1,197,399,123,276,-1,-1,-1,-1
142,2,13,408,124,261,-1,-1,-1,-1
142,4,690,111,53,172,-1,-1,-1,-1
142,5,605,210,79,212,-1,-1,-1,-1
142,11,583,0,71,134,-1,-1,-1,-1
143,1,189,405,131,293,-1,-1,-1,-1
143,2,9,414,124,258,-1,-1,-1,-1
143,4,692,107,51,170,-1,-1,-1,-1
143,5,609,209,79,210,-1,-1,-1,-1
143,11,585,0,68,134,-1,-1,-1,-1
144,1,171,414,139,304,-1,-1,-1,-1
144,2,2,425,129,269,-1,-1,-1,-1
144,4,692,103,53,173,-1,-1,-1,-1
144,5,612,206,80,213,-1,-1,-1,-1
144,11,582,0,69,135,-1,-1,-1,-1
145,1,163,421,140,298,-1,-1,-1,-1
145,2,0,426,134,283,-1,-1,-1,-1
145,4,693,102,51,169,-1,-1,-1,-1
145,5,617,205,80,211,-1,-1,-1,-1
145,11,582,0,68,137,-1,-1,-1,-1
146,1,158,430,138,289,-1,-1,-1,-1
146,2,0,429,135,287,-1,-1,-1,-1
146,4,692,101,51,168,-1,-1,-1,-1
146,5,618,199,83,220,-1,-1,-1,-1
146,11,581,0,68,138,-1,-1,-1,-1
147,1,153,437,139,282,-1,-1,-1,-1
147,2,0,433,135,283,-1,-1,-1,-1
147,4,694,100,50,165,-1,-1,-1,-1
147,5,620,191,87,234,-1,-1,-1,-1
147,11,580,0,67,139,-1,-1,-1,-1
148,1,145,444,138,275,-1,-1,-1,-1
148,2,0,456,126,263,-1,-1,-1,-1
148,4,696,100,49,159,-1,-1,-1,-1
148,5,623,186,88,241,-1,-1,-1,-1
148,11,577,0,67,143,-1,-1,-1,-1
149,1,143,452,132,267,-1,-1,-1,-1
149,2,0,467,122,252,-1,-1,-1,-1
149,4,697,99,49,159,-1,-1,-1,-1
149,5,624,184,89,245,-1,-1,-1,-1
149,11,574,0,68,149,-1,-1,-1,-1
150,1,142,458,126,261,-1,-1,-1,-1
150,2,0,473,118,246,-1,-1,-1,-1
150,4,697,98,50,158,-1,-1,-1,-1
150,5,629,187,83,230,-1,-1,-1,-1
150,11,573,0,68,154,-1,-1,-1,-1
151,1,142,463,121,256,-1,-1,-1,-1
151,2,0,473,114,246,-1,-1,-1,-1
151,4,699,97,50,158,-1,-1,-1,-1
151,5,630,185,82,231,-1,-1,-1,-1
151,11,573,0,67,155,-1,-1,-1,-1
152,1,129,468,124,251,-1,-1,-1,-1
152,2,0,469,96,250,-1,-1,-1,-1
152,4,702,95,50,157,-1,-1,-1,-1
152,5,635,185,79,223,-1,-1,-1,-1
152,11,573,0,66,157,-1,-1,-1,-1
153,1,126,481,121,238,-1,-1,-1,-1
153,2,0,489,84,230,-1,-1,-1,-1
153,4,704,93,50,157,-1,-1,-1,-1
153,5,638,183,78,218,-1,-1,-1,-1
153,11,573,0,65,158,-1,-1,-1,-1
154,1,123,487,119,232,-1,-1,-1,-1
154,2,0,497,76,222,-1,-1,-1,-1
154,4,705,92,50,158,-1,-1,-1,-1
154,5,641,177,78,221,-1,-1,-1,-1
154,11,572,0,64,158,-1,-1,-1,-1
155,1,122,492,119,227,-1,-1,-1,-1
155,2,0,502,67,217,-1,-1,-1,-1
155,4,705,90,51,159,-1,-1,-1,-1
155,5,643,173,77,216,-1,-1,-1,-1
155,11,571,0,62,157,-1,-1,-1,-1
156,1,116,505,116,214,-1,-1,-1,-1
156,2,0,509,61,210,-1,-1,-1,-1
156,4,705,88,52,160,-1,-1,-1,-1
156,5,645,172,75,213,-1,-1,-1,-1
156,11,570,0,60,157,-1,-1,-1,-1
157,1,111,514,116,205,-1,-1,-1,-1
157,4,705,82,54,165,-1,-1,-1,-1
157,5,646,172,75,212,-1,-1,-1,-1
157,11,569,0,58,158,-1,-1,-1,-1
158,1,105,518,117,201,-1,-1,-1,-1
158,4,707,80,53,165,-1,-1,-1,-1
158,5,648,173,72,203,-1,-1,-1,-1
158,11,568,0,57,160,-1,-1,-1,-1
159,1,102,523,117,196,-1,-1,-1,-1
159,4,712,78,53,167,-1,-1,-1,-1
159,5,650,174,71,197,-1,-1,-1,-1
159,11,567,0,57,161,-1,-1,-1,-1
160,1,78,527,117,192,-1,-1,-1,-1
160,4,715,77,51,166,-1,-1,-1,-1
160,5,655,171,71,194,-1,-1,-1,-1
160,11,567,0,56,163,-1,-1,-1,-1
161,1,63,534,112,185,-1,-1,-1,-1
161,4,716,77,50,164,-1,-1,-1,-1
161,5,658,169,72,194,-1,-1,-1,-1
161,11,567,0,57,166,-1,-1,-1,-1
162,1,54,544,110,175,-1,-1,-1,-1
162,4,717,76,49,163,-1,-1,-1,-1
162,5,660,167,72,195,-1,-1,-1,-1
162,11,557,0,59,170,-1,-1,-1,-1
163,1,49,550,109,169,-1,-1,-1,-1
163,4,718,76,48,160,-1,-1,-1,-1
163,5,663,165,72,195,-1,-1,-1,-1
163,11,552,1,59,172,-1,-1,-1,-1
164,1,37,561,107,158,-1,-1,-1,-1
164,4,720,77,46,156,-1,-1,-1,-1
164,5,666,163,71,191,-1,-1,-1,-1
164,11,549,5,59,171,-1,-1,-1,-1
165,1,34,573,105,146,-1,-1,-1,-1
165,4,721,77,46,155,-1,-1,-1,-1
165,5,669,161,69,190,-1,-1,-1,-1
165,11,549,7,59,169,-1,-1,-1,-1
166,1,33,585,101,134,-1,-1,-1,-1
166,4,722,77,46,154,-1,-1,-1,-1
166,5,673,159,68,189,-1,-1,-1,-1
166,11,547,10,58,165,-1,-1,-1,-1
167,1,29,601,96,118,-1,-1,-1,-1
167,4,723,77,46,151,-1,-1,-1,-1
167,5,675,155,70,193,-1,-1,-1,-1
167,11,546,11,58,165,-1,-1,-1,-1
168,1,27,616,90,103,-1,-1,-1,-1
168,4,723,77,45,147,-1,-1,-1,-1
168,5,676,145,73,202,-1,-1,-1,-1
168,11,543,12,57,162,-1,-1,-1,-1
169,1,24,626,81,93,-1,-1,-1,-1
169,4,724,76,45,144,-1,-1,-1,-1
169,5,679,142,73,203,-1,-1,-1,-1
169,11,541,12,58,164,-1,-1,-1,-1
170,4,725,75,45,143,-1,-1,-1,-1
170,5,680,139,74,204,-1,-1,-1,-1
170,11,540,13,57,166,-1,-1,-1,-1
171,4,727,73,45,145,-1,-1,-1,-1
171,5,681,140,74,201,-1,-1,-1,-1
171,11,536,11,59,171,-1,-1,-1,-1
172,4,729,70,46,147,-1,-1,-1,-1
172,5,684,140,73,196,-1,-1,-1,-1
172,11,534,9,60,179,-1,-1,-1,-1
173,4,731,69,46,146,-1,-1,-1,-1
173,5,686,140,74,195,-1,-1,-1,-1
173,11,533,9,60,181,-1,-1,-1,-1
174,4,733,69,46,146,-1,-1,-1,-1
174,5,687,140,74,192,-1,-1,-1,-1
174,11,531,10,59,182,-1,-1,-1,-1
175,4,734,67,48,149,-1,-1,-1,-1
175,5,689,138,74,189,-1,-1,-1,-1
175,11,530,11,59,183,-1,-1,-1,-1
176,4,736,64,47,145,-1,-1,-1,-1
176,5,689,132,77,196,-1,-1,-1,-1
176,11,529,17,57,178,-1,-1,-1,-1
177,4,739,64,46,139,-1,-1,-1,-1
177,5,689,125,81,206,-1,-1,-1,-1
177,11,528,20,55,175,-1,-1,-1,-1
178,4,740,63,45,137,-1,-1,-1,-1
178,5,691,122,80,206,-1,-1,-1,-1
178,11,527,21,56,182,-1,-1,-1,-1
179,4,740,63,46,135,-1,-1,-1,-1
179,5,694,121,76,197,-1,-1,-1,-1
179,11,525,22,55,176,-1,-1,-1,-1
180,4,741,61,47,136,-1,-1,-1,-1
180,5,696,120,75,192,-1,-1,-1,-1
180,11,523,24,54,179,-1,-1,-1,-1
181,4,744,59,47,137,-1,-1,-1,-1
181,5,701,114,77,200,-1,-1,-1,-1
181,11,522,26,53,178,-1,-1,-1,-1
182,4,744,58,48,136,-1,-1,-1,-1
182,5,704,115,76,196,-1,-1,-1,-1
182,11,521,28,52,175,-1,-1,-1,-1
183,4,745,56,48,135,-1,-1,-1,-1
183,5,707,116,73,193,-1,-1,-1,-1
183,11,520,30,50,172,-1,-1,-1,-1
184,4,745,55,48,134,-1,-1,-1,-1
184,5,708,114,73,190,-1,-1,-1,-1
184,11,514,30,50,174,-1,-1,-1,-1
185,4,746,51,50,139,-1,-1,-1,-1
185,5,709,113,72,190,-1,-1,-1,-1
185,11,511,32,51,173,-1,-1,-1,-1
186,4,745,48,52,143,-1,-1,-1,-1
186,5,709,110,73,193,-1,-1,-1,-1
186,11,509,34,52,173,-1,-1,-1,-1
187,4,745,47,52,143,-1,-1,-1,-1
187,5,709,108,74,194,-1,-1,-1,-1
187,11,507,35,53,178,-1,-1,-1,-1
188,4,751,48,44,121,-1,-1,-1,-1
188,5,712,106,73,195,-1,-1,-1,-1
188,11,502,37,56,187,-1,-1,-1,-1
189,4,754,48,41,113,-1,-1,-1,-1
189,5,715,105,73,193,-1,-1,-1,-1
189,11,498,40,58,188,-1,-1,-1,-1
190,4,754,47,40,111,-1,-1,-1,-1
190,5,716,102,73,193,-1,-1,-1,-1
190,11,495,41,59,190,-1,-1,-1,-1
191,4,756,50,38,102,-1,-1,-1,-1
191,5,719,101,71,192,-1,-1,-1,-1
191,11,494,45,59,189,-1,-1,-1,-1
192,4,758,49,36,99,-1,-1,-1,-1
192,5,723,85,74,203,-1,-1,-1,-1
192,11,492,47,59,189,-1,-1,-1,-1
193,5,724,79,76,211,-1,-1,-1,-1
193,11,489,48,60,188,-1,-1,-1,-1
194,5,725,77,77,213,-1,-1,-1,-1
194,11,486,49,60,187,-1,-1,-1,-1
195,5,727,81,75,207,-1,-1,-1,-1
195,11,484,51,60,182,-1,-1,-1,-1
196,5,730,84,71,201,-1,-1,-1,-1
196,11,480,51,59,182,-1,-1,-1,-1
197,5,731,89,69,193,-1,-1,-1,-1
197,11,477,50,60,184,-1,-1,-1,-1
198,5,732,89,70,194,-1,-1,-1,-1
198,11,474,49,60,185,-1,-1,-1,-1
199,5,733,87,70,195,-1,-1,-1,-1
199,11,473,51,59,182,-1,-1,-1,-1
200,5,733,85,70,195,-1,-1,-1,-1
200,11,470,55,59,182,-1,-1,-1,-1
201,4,769,33,41,115,-1,-1,-1,-1
201,5,733,83,71,198,-1,-1,-1,-1
201,11,467,58,60,182,-1,-1,-1,-1
202,4,770,33,41,115,-1,-1,-1,-1
202,5,733,80,71,197,-1,-1,-1,-1
202,11,466,60,59,181,-1,-1,-1,-1
203,4,771,31,42,116,-1,-1,-1,-1
203,5,735,80,69,190,-1,-1,-1,-1
203,11,464,62,60,180,-1,-1,-1,-1
203,13,949,0,36,24,-1,-1,-1,-1
204,4,773,32,40,111,-1,-1,-1,-1
204,5,735,78,68,186,-1,-1,-1,-1
204,11,459,65,60,181,-1,-1,-1,-1
204,13,948,0,37,25,-1,-1,-1,-1
205,4,774,29,40,114,-1,-1,-1,-1
205,5,735,76,68,186,-1,-1,-1,-1
205,11,456,67,61,183,-1,-1,-1,-1
206,4,775,29,40,114,-1,-1,-1,-1
206,5,735,75,67,185,-1,-1,-1,-1
206,11,455,68,60,184,-1,-1,-1,-1
207,4,775,26,41,119,-1,-1,-1,-1
207,5,735,72,67,183,-1,-1,-1,-1
207,11,454,70,58,179,-1,-1,-1,-1
208,4,777,26,38,110,-1,-1,-1,-1
208,5,735,70,66,183,-1,-1,-1,-1
208,11,451,70,58,184,-1,-1,-1,-1
209,4,778,26,37,104,-1,-1,-1,-1
209,5,734,70,66,181,-1,-1,-1,-1
209,11,448,70,59,186,-1,-1,-1,-1
210,4,778,26,37,103,-1,-1,-1,-1
210,5,736,72,65,177,-1,-1,-1,-1
210,11,446,71,60,192,-1,-1,-1,-1
210,15,886,1,82,33,-1,-1,-1,-1
211,4,779,27,36,99,-1,-1,-1,-1
211,5,736,72,65,176,-1,-1,-1,-1
211,11,445,73,58,191,-1,-1,-1,-1
211,15,886,2,81,32,-1,-1,-1,-1
212,4,781,26,34,95,-1,-1,-1,-1
212,5,739,71,64,173,-1,-1,-1,-1
212,11,438,77,59,190,-1,-1,-1,-1
212,15,886,4,76,30,-1,-1,-1,-1
213,4,782,26,34,92,-1,-1,-1,-1
213,5,741,69,64,174,-1,-1,-1,-1
213,11,435,79,59,193,-1,-1,-1,-1
213,15,886,5,74,29,-1,-1,-1,-1
214,4,783,26,34,90,-1,-1,-1,-1
214,5,743,69,63,171,-1,-1,-1,-1
214,11,433,82,59,195,-1,-1,-1,-1
215,4,785,24,33,87,-1,-1,-1,-1
215,5,743,69,63,169,-1,-1,-1,-1
215,11,431,84,61,198,-1,-1,-1,-1
216,4,787,24,31,83,-1,-1,-1,-1
216,5,747,66,63,167,-1,-1,-1,-1
216,11,428,89,61,194,-1,-1,-1,-1
217,4,787,24,32,81,-1,-1,-1,-1
217,5,749,67,62,162,-1,-1,-1,-1
217,11,425,91,61,191,-1,-1,-1,-1
217,13,929,0,52,38,-1,-1,-1,-1
218,4,787,24,32,79,-1,-1,-1,-1
218,5,750,65,62,162,-1,-1,-1,-1
218,11,423,93,62,190,-1,-1,-1,-1
218,13,930,0,52,39,-1,-1,-1,-1
219,4,789,23,30,77,-1,-1,-1,-1
219,5,754,57,67,175,-1,-1,-1,-1
219,11,421,96,62,186,-1,-1,-1,-1
219,13,930,0,52,41,-1,-1,-1,-1
220,5,757,56,66,177,-1,-1,-1,-1
220,11,410,98,61,183,-1,-1,-1,-1
220,13,930,0,50,42,-1,-1,-1,-1
221,5,759,55,66,178,-1,-1,-1,-1
221,11,403,98,62,187,-1,-1,-1,-1
221,13,930,0,49,42,-1,-1,-1,-1
222,5,758,53,67,181,-1,-1,-1,-1
222,11,400,97,65,197,-1,-1,-1,-1
222,13,931,0,46,41,-1,-1,-1,-1
223,5,759,53,66,179,-1,-1,-1,-1
223,11,398,97,67,201,-1,-1,-1,-1
223,13,929,0,45,42,-1,-1,-1,-1
224,5,760,54,65,176,-1,-1,-1,-1
224,11,395,99,66,200,-1,-1,-1,-1
224,13,928,0,45,42,-1,-1,-1,-1
225,5,760,52,66,178,-1,-1,-1,-1
225,11,393,101,65,197,-1,-1,-1,-1
225,13,928,0,45,42,-1,-1,-1,-1
226,5,760,41,69,189,-1,-1,-1,-1
226,11,391,103,65,199,-1,-1,-1,-1
226,13,926,0,46,43,-1,-1,-1,-1
227,5,759,40,68,188,-1,-1,-1,-1
227,11,389,108,65,198,-1,-1,-1,-1
227,13,926,0,46,43,-1,-1,-1,-1
228,5,761,40,65,182,-1,-1,-1,-1
228,11,386,112,64,195,-1,-1,-1,-1
228,13,925,0,46,43,-1,-1,-1,-1
229,5,762,37,65,181,-1,-1,-1,-1
229,11,384,114,65,198,-1,-1,-1,-1
229,13,924,0,46,44,-1,-1,-1,-1
230,5,764,37,63,176,-1,-1,-1,-1
230,11,383,116,66,197,-1,-1,-1,-1
230,13,922,0,46,45,-1,-1,-1,-1
231,5,764,35,63,174,-1,-1,-1,-1
231,11,382,119,66,194,-1,-1,-1,-1
231,13,920,0,47,46,-1,-1,-1,-1
232,5,764,35,63,173,-1,-1,-1,-1
232,11,379,123,64,189,-1,-1,-1,-1
232,13,920,0,47,45,-1,-1,-1,-1
233,5,764,35,63,171,-1,-1,-1,-1
233,11,372,121,70,206,-1,-1,-1,-1
233,13,919,0,47,46,-1,-1,-1,-1
234,4,801,1,36,91,-1,-1,-1,-1
234,5,765,36,62,168,-1,-1,-1,-1
234,11,369,124,69,205,-1,-1,-1,-1
234,13,918,0,47,46,-1,-1,-1,-1
235,4,801,0,37,94,-1,-1,-1,-1
235,5,765,35,62,168,-1,-1,-1,-1
235,11,366,124,68,206,-1,-1,-1,-1
235,13,917,0,48,46,-1,-1,-1,-1
236,4,803,0,37,93,-1,-1,-1,-1
236,5,766,32,63,171,-1,-1,-1,-1
236,11,356,123,70,212,-1,-1,-1,-1
236,13,915,0,49,47,-1,-1,-1,-1
237,4,806,2,32,78,-1,-1,-1,-1
237,5,766,26,65,178,-1,-1,-1,-1
237,11,351,126,70,212,-1,-1,-1,-1
237,13,915,0,49,47,-1,-1,-1,-1
238,4,808,2,30,73,-1,-1,-1,-1
238,5,768,25,65,179,-1,-1,-1,-1
238,11,349,131,68,206,-1,-1,-1,-1
238,13,915,0,49,47,-1,-1,-1,-1
239,4,809,2,30,71,-1,-1,-1,-1
239,5,767,23,66,181,-1,-1,-1,-1
239,11,345,134,71,213,-1,-1,-1,-1
239,13,914,0,50,49,-1,-1,-1,-1
240,5,769,10,69,193,-1,-1,-1,-1
240,11,336,135,77,228,-1,-1,-1,-1
240,13,913,0,52,51,-1,-1,-1,-1
241,5,770,5,69,193,-1,-1,-1,-1
241,11,332,137,79,233,-1,-1,-1,-1
241,13,913,0,52,53,-1,-1,-1,-1
242,5,772,4,69,190,-1,-1,-1,-1
242,11,331,141,79,231,-1,-1,-1,-1
242,13,908,0,51,53,-1,-1,-1,-1
243,5,775,6,66,184,-1,-1,-1,-1
243,11,332,147,77,224,-1,-1,-1,-1
243,13,906,0,51,54,-1,-1,-1,-1
244,5,776,7,65,179,-1,-1,-1,-1
244,11,331,150,77,221,-1,-1,-1,-1
244,13,904,0,52,55,-1,-1,-1,-1
245,5,777,7,65,177,-1,-1,-1,-1
245,11,328,153,74,214,-1,-1,-1,-1
245,13,903,0,53,56,-1,-1,-1,-1
246,5,778,7,64,176,-1,-1,-1,-1
246,11,324,155,73,207,-1,-1,-1,-1
247,5,779,7,64,176,-1,-1,-1,-1
247,11,318,157,72,203,-1,-1,-1,-1
247,13,902,0,51,54,-1,-1,-1,-1
248,5,779,5,65,176,-1,-1,-1,-1
248,11,309,159,72,204,-1,-1,-1,-1
248,13,902,0,49,53,-1,-1,-1,-1
249,5,781,5,64,175,-1,-1,-1,-1
249,11,304,161,74,207,-1,-1,-1,-1
249,13,902,0,48,53,-1,-1,-1,-1
250,5,782,3,64,178,-1,-1,-1,-1
250,11,303,164,72,202,-1,-1,-1,-1
250,13,899,0,56,63,-1,-1,-1,-1
251,5,783,1,64,180,-1,-1,-1,-1
251,11,301,168,73,201,-1,-1,-1,-1
251,13,898,0,58,67,-1,-1,-1,-1
252,5,783,0,65,178,-1,-1,-1,-1
252,11,292,164,83,231,-1,-1,-1,-1
252,13,896,0,60,68,-1,-1,-1,-1
253,5,784,0,66,177,-1,-1,-1,-1
253,11,288,167,85,238,-1,-1,-1,-1
253,13,897,0,57,68,-1,-1,-1,-1
254,5,784,0,67,177,-1,-1,-1,-1
254,11,286,172,85,237,-1,-1,-1,-1
254,13,897,0,57,67,-1,-1,-1,-1
255,5,785,0,67,175,-1,-1,-1,-1
255,11,286,178,83,231,-1,-1,-1,-1
255,13,897,0,56,68,-1,-1,-1,-1
256,5,787,0,66,173,-1,-1,-1,-1
256,11,283,186,79,217,-1,-1,-1,-1
256,13,895,0,55,70,-1,-1,-1,-1
257,5,789,0,66,172,-1,-1,-1,-1
257,11,278,188,80,219,-1,-1,-1,-1
257,13,893,0,55,69,-1,-1,-1,-1
258,5,790,0,67,173,-1,-1,-1,-1
258,11,277,193,76,209,-1,-1,-1,-1
258,13,893,0,55,71,-1,-1,-1,-1
259,5,790,0,67,173,-1,-1,-1,-1
259,11,273,197,74,199,-1,-1,-1,-1
259,13,893,0,54,71,-1,-1,-1,-1
260,5,791,0,66,167,-1,-1,-1,-1
260,11,265,199,74,201,-1,-1,-1,-1
260,13,892,0,54,71,-1,-1,-1,-1
261,5,793,0,68,167,-1,-1,-1,-1
261,11,257,198,75,205,-1,-1,-1,-1
261,13,893,0,53,70,-1,-1,-1,-1
262,5,794,0,69,166,-1,-1,-1,-1
262,11,252,199,76,205,-1,-1,-1,-1
262,13,893,0,52,71,-1,-1,-1,-1
263,5,794,0,69,166,-1,-1,-1,-1
263,11,245,191,85,232,-1,-1,-1,-1
263,13,892,0,52,72,-1,-1,-1,-1
264,5,795,0,69,163,-1,-1,-1,-1
264,11,241,202,86,231,-1,-1,-1,-1
264,13,892,0,52,73,-1,-1,-1,-1
265,5,794,0,69,160,-1,-1,-1,-1
265,11,238,212,83,224,-1,-1,-1,-1
265,13,891,0,52,75,-1,-1,-1,-1
266,5,793,0,69,157,-1,-1,-1,-1
266,11,234,213,91,239,-1,-1,-1,-1
266,13,890,0,53,77,-1,-1,-1,-1
267,5,794,0,69,154,-1,-1,-1,-1
267,11,227,212,97,249,-1,-1,-1,-1
267,13,890,0,53,80,-1,-1,-1,-1
268,5,797,0,67,149,-1,-1,-1,-1
268,11,223,218,98,248,-1,-1,-1,-1
268,13,889,0,54,83,-1,-1,-1,-1
269,5,795,0,69,148,-1,-1,-1,-1
269,11,219,221,100,245,-1,-1,-1,-1
269,13,889,0,54,84,-1,-1,-1,-1
270,5,794,0,71,149,-1,-1,-1,-1
270,11,216,224,100,240,-1,-1,-1,-1
270,13,889,0,54,85,-1,-1,-1,-1
271,5,793,0,73,147,-1,-1,-1,-1
271,11,212,224,102,238,-1,-1,-1,-1
271,13,889,0,53,84,-1,-1,-1,-1
272,5,794,0,73,146,-1,-1,-1,-1
272,11,194,226,102,236,-1,-1,-1,-1
272,13,889,0,52,85,-1,-1,-1,-1
273,5,793,0,74,146,-1,-1,-1,-1
273,11,186,228,103,234,-1,-1,-1,-1
273,13,889,0,52,86,-1,-1,-1,-1
274,5,793,0,75,146,-1,-1,-1,-1
274,11,180,228,105,237,-1,-1,-1,-1
274,13,888,0,52,87,-1,-1,-1,-1
275,5,793,0,75,145,-1,-1,-1,-1
275,11,172,230,107,238,-1,-1,-1,-1
275,13,888,0,51,87,-1,-1,-1,-1
276,5,793,0,74,144,-1,-1,-1,-1
276,11,174,234,104,234,-1,-1,-1,-1
276,13,888,0,51,88,-1,-1,-1,-1
277,5,792,0,73,142,-1,-1,-1,-1
277,11,169,238,109,247,-1,-1,-1,-1
277,13,888,0,50,88,-1,-1,-1,-1
278,5,793,0,71,140,-1,-1,-1,-1
278,11,165,242,112,252,-1,-1,-1,-1
278,13,887,0,51,89,-1,-1,-1,-1
279,5,793,0,69,135,-1,-1,-1,-1
279,11,162,246,113,256,-1,-1,-1,-1
279,13,887,0,51,89,-1,-1,-1,-1
280,5,795,0,67,129,-1,-1,-1,-1
280,11,157,252,112,254,-1,-1,-1,-1
280,13,882,0,54,93,-1,-1,-1,-1
281,5,796,0,66,127,-1,-1,-1,-1
281,11,152,256,117,265,-1,-1,-1,-1
281,13,879,0,57,94,-1,-1,-1,-1
282,5,796,0,66,127,-1,-1,-1,-1
282,11,154,262,109,244,-1,-1,-1,-1
282,13,878,0,59,96,-1,-1,-1,-1
283,5,804,0,68,126,-1,-1,-1,-1
283,11,152,266,106,233,-1,-1,-1,-1
283,13,877,0,60,96,-1,-1,-1,-1
284,5,808,0,68,123,-1,-1,-1,-1
284,11,135,265,114,256,-1,-1,-1,-1
284,13,876,0,60,97,-1,-1,-1,-1
285,5,810,0,68,120,-1,-1,-1,-1
285,11,126,265,116,262,-1,-1,-1,-1
285,13,874,0,62,97,-1,-1,-1,-1
286,5,811,0,69,120,-1,-1,-1,-1
286,11,118,271,113,254,-1,-1,-1,-1
286,13,874,0,61,96,-1,-1,-1,-1
287,5,810,0,69,119,-1,-1,-1,-1
287,11,118,267,112,260,-1,-1,-1,-1
287,13,872,0,63,98,-1,-1,-1,-1
288,5,812,0,68,114,-1,-1,-1,-1
288,11,113,277,108,249,-1,-1,-1,-1
288,13,871,0,64,100,-1,-1,-1,-1
289,5,812,0,67,112,-1,-1,-1,-1
289,11,111,286,105,240,-1,-1,-1,-1
289,13,870,0,64,101,-1,-1,-1,-1
290,5,813,0,66,110,-1,-1,-1,-1
290,11,105,290,110,252,-1,-1,-1,-1
290,13,869,0,65,102,-1,-1,-1,-1
291,5,813,0,66,111,-1,-1,-1,-1
291,11,99,292,113,260,-1,-1,-1,-1
291,13,869,0,66,104,-1,-1,-1,-1
292,5,813,0,67,110,-1,-1,-1,-1
292,11,94,297,118,270,-1,-1,-1,-1
292,13,867,0,68,108,-1,-1,-1,-1
293,5,815,0,68,110,-1,-1,-1,-1
293,11,94,303,117,268,-1,-1,-1,-1
293,13,864,0,70,111,-1,-1,-1,-1
294,5,817,0,67,109,-1,-1,-1,-1
294,11,93,312,120,267,-1,-1,-1,-1
294,13,861,0,71,112,-1,-1,-1,-1
295,5,818,0,70,111,-1,-1,-1,-1
295,11,82,308,124,280,-1,-1,-1,-1
295,13,860,0,73,112,-1,-1,-1,-1
296,5,822,0,78,114,-1,-1,-1,-1
296,11,77,313,120,271,-1,-1,-1,-1
296,13,859,0,73,114,-1,-1,-1,-1
297,5,825,0,81,115,-1,-1,-1,-1
297,11,71,317,117,264,-1,-1,-1,-1
298,5,827,0,84,115,-1,-1,-1,-1
298,11,62,321,113,254,-1,-1,-1,-1
299,5,829,0,85,115,-1,-1,-1,-1
299,11,56,321,113,257,-1,-1,-1,-1
300,5,830,0,84,113,-1,-1,-1,-1
300,11,51,325,114,258,-1,-1,-1,-1
301,5,828,0,89,119,-1,-1,-1,-1
301,11,46,328,114,261,-1,-1,-1,-1
302,5,825,0,93,122,-1,-1,-1,-1
302,11,33,327,119,272,-1,-1,-1,-1
303,5,824,0,93,123,-1,-1,-1,-1
303,11,21,322,131,301,-1,-1,-1,-1
304,5,830,0,87,114,-1,-1,-1,-1
304,11,13,319,143,328,-1,-1,-1,-1
305,5,824,0,91,120,-1,-1,-1,-1
305,11,10,326,140,323,-1,-1,-1,-1
306,5,822,0,93,121,-1,-1,-1,-1
306,11,8,336,140,325,-1,-1,-1,-1
307,5,822,0,94,122,-1,-1,-1,-1
307,11,6,344,139,321,-1,-1,-1,-1
308,5,820,0,96,125,-1,-1,-1,-1
308,11,5,357,131,303,-1,-1,-1,-1
309,5,819,0,97,128,-1,-1,-1,-1
309,11,5,367,126,289,-1,-1,-1,-1
310,5,818,0,100,131,-1,-1,-1,-1
310,11,1,370,126,289,-1,-1,-1,-1
311,5,820,0,98,132,-1,-1,-1,-1
311,11,0,371,126,292,-1,-1,-1,-1
312,5,820,0,99,135,-1,-1,-1,-1
312,11,0,372,123,314,-1,-1,-1,-1
313,5,820,0,99,136,-1,-1,-1,-1
313,11,0,372,122,327,-1,-1,-1,-1
314,5,822,0,98,138,-1,-1,-1,-1
314,11,0,381,116,310,-1,-1,-1,-1
315,5,823,0,96,138,-1,-1,-1,-1
315,11,0,385,112,313,-1,-1,-1,-1
316,5,824,0,95,138,-1,-1,-1,-1
317,5,826,0,93,137,-1,-1,-1,-1
318,5,827,0,91,137,-1,-1,-1,-1
319,5,826,0,91,137,-1,-1,-1,-1
320,5,826,0,92,140,-1,-1,-1,-1
321,5,825,0,93,142,-1,-1,-1,-1
322,5,825,0,92,144,-1,-1,-1,-1
323,5,823,0,91,144,-1,-1,-1,-1
324,5,827,0,86,140,-1,-1,-1,-1
325,5,830,0,86,140,-1,-1,-1,-1
326,5,833,0,87,141,-1,-1,-1,-1
327,5,835,0,88,142,-1,-1,-1,-1
328,5,833,0,87,143,-1,-1,-1,-1
328,13,898,0,46,71,-1,-1,-1,-1
329,5,829,0,88,147,-1,-1,-1,-1
329,13,900,0,45,69,-1,-1,-1,-1
330,5,827,0,87,149,-1,-1,-1,-1
330,13,901,0,45,69,-1,-1,-1,-1
331,5,827,0,86,150,-1,-1,-1,-1
331,13,906,0,42,63,-1,-1,-1,-1
332,5,825,0,87,153,-1,-1,-1,-1
332,13,909,0,41,60,-1,-1,-1,-1
333,5,823,0,87,156,-1,-1,-1,-1
333,13,911,0,41,60,-1,-1,-1,-1
334,5,822,0,89,160,-1,-1,-1,-1
334,13,911,0,42,60,-1,-1,-1,-1
335,5,818,0,88,162,-1,-1,-1,-1
335,13,911,0,42,60,-1,-1,-1,-1
336,5,813,1,88,167,-1,-1,-1,-1
336,13,912,0,42,59,-1,-1,-1,-1
337,5,811,2,87,168,-1,-1,-1,-1
337,13,917,0,41,57,-1,-1,-1,-1
338,5,810,3,84,167,-1,-1,-1,-1
338,13,919,0,40,56,-1,-1,-1,-1
339,5,809,4,83,167,-1,-1,-1,-1
339,13,921,0,40,56,-1,-1,-1,-1
340,5,806,6,80,164,-1,-1,-1,-1
340,13,924,0,40,55,-1,-1,-1,-1
341,5,806,8,76,160,-1,-1,-1,-1
341,13,925,0,40,54,-1,-1,-1,-1
342,5,805,9,75,158,-1,-1,-1,-1
342,13,926,0,39,54,-1,-1,-1,-1
343,5,804,8,73,160,-1,-1,-1,-1
343,13,926,0,40,54,-1,-1,-1,-1
344,5,803,8,73,163,-1,-1,-1,-1
344,13,928,0,39,53,-1,-1,-1,-1
345,5,797,6,74,168,-1,-1,-1,-1
345,13,929,0,39,53,-1,-1,-1,-1
346,5,795,4,74,172,-1,-1,-1,-1
346,13,931,0,38,52,-1,-1,-1,-1
347,5,795,5,72,171,-1,-1,-1,-1
348,5,795,7,71,171,-1,-1,-1,-1
348,13,933,0,39,51,-1,-1,-1,-1
349,5,795,9,69,169,-1,-1,-1,-1
349,13,935,0,37,50,-1,-1,-1,-1
350,5,796,12,66,165,-1,-1,-1,-1
350,13,936,0,36,47,-1,-1,-1,-1
351,5,796,13,64,163,-1,-1,-1,-1
351,13,936,0,36,46,-1,-1,-1,-1
352,5,794,14,65,170,-1,-1,-1,-1
352,13,938,0,35,44,-1,-1,-1,-1
353,5,793,16,65,171,-1,-1,-1,-1
354,5,793,17,64,171,-1,-1,-1,-1
355,5,793,18,63,171,-1,-1,-1,-1
356,5,792,20,63,170,-1,-1,-1,-1
357,5,791,19,63,173,-1,-1,-1,-1
358,5,791,19,63,175,-1,-1,-1,-1
359,5,789,19,63,176,-1,-1,-1,-1
360,5,787,26,62,171,-1,-1,-1,-1
361,5,785,29,61,170,-1,-1,-1,-1
361,13,954,0,30,38,-1,-1,-1,-1
362,5,783,31,61,169,-1,-1,-1,-1
362,13,954,0,30,37,-1,-1,-1,-1
363,5,783,32,61,168,-1,-1,-1,-1
363,13,955,0,29,37,-1,-1,-1,-1
364,5,780,34,61,169,-1,-1,-1,-1
364,13,956,0,29,36,-1,-1,-1,-1
365,5,779,34,61,170,-1,-1,-1,-1
366,5,776,35,61,170,-1,-1,-1,-1
367,5,774,36,61,169,-1,-1,-1,-1
368,5,772,37,62,171,-1,-1,-1,-1
369,5,771,37,63,173,-1,-1,-1,-1
370,5,769,37,64,175,-1,-1,-1,-1
371,5,769,38,63,175,-1,-1,-1,-1
372,5,766,39,63,177,-1,-1,-1,-1
373,5,764,40,63,179,-1,-1,-1,-1
374,5,762,40,64,183,-1,-1,-1,-1
375,5,760,41,65,185,-1,-1,-1,-1
376,5,759,42,64,185,-1,-1,-1,-1
377,5,760,44,62,182,-1,-1,-1,-1
378,5,759,48,63,183,-1,-1,-1,-1
379,5,759,49,63,185,-1,-1,-1,-1
380,5,759,51,62,183,-1,-1,-1,-1
381,5,759,53,62,182,-1,-1,-1,-1
382,5,759,53,61,183,-1,-1,-1,-1
383,5,759,54,61,183,-1,-1,-1,-1
384,5,754,56,60,182,-1,-1,-1,-1
385,5,751,57,61,182,-1,-1,-1,-1
386,5,748,60,63,182,-1,-1,-1,-1
387,5,746,62,63,181,-1,-1,-1,-1
388,5,746,64,63,181,-1,-1,-1,-1
389,5,746,65,63,181,-1,-1,-1,-1
390,5,744,64,65,186,-1,-1,-1,-1
391,5,742,65,66,190,-1,-1,-1,-1
392,5,741,66,66,188,-1,-1,-1,-1
393,5,741,68,65,187,-1,-1,-1,-1
394,5,740,69,65,188,-1,-1,-1,-1
395,5,739,69,65,188,-1,-1,-1,-1
396,5,738,73,65,188,-1,-1,-1,-1
397,5,737,76,65,186,-1,-1,-1,-1
398,5,737,78,64,186,-1,-1,-1,-1
399,5,735,79,65,187,-1,-1,-1,-1
400,5,732,82,65,190,-1,-1,-1,-1
401,5,730,84,66,193,-1,-1,-1,-1
402,5,728,84,67,196,-1,-1,-1,-1
403,5,727,85,67,197,-1,-1,-1,-1
404,5,726,88,67,198,-1,-1,-1,-1
405,5,725,91,66,195,-1,-1,-1,-1
406,5,725,92,65,194,-1,-1,-1,-1
407,5,725,93,65,192,-1,-1,-1,-1
408,5,724,96,64,189,-1,-1,-1,-1
409,5,723,98,65,186,-1,-1,-1,-1
410,5,721,98,66,186,-1,-1,-1,-1
410,19,709,0,79,39,-1,-1,-1,-1
411,5,721,101,66,187,-1,-1,-1,-1
411,19,711,0,78,39,-1,-1,-1,-1
412,5,717,103,67,187,-1,-1,-1,-1
412,19,710,0,83,42,-1,-1,-1,-1
413,5,712,103,70,191,-1,-1,-1,-1
413,19,710,0,84,44,-1,-1,-1,-1
414,5,709,105,71,192,-1,-1,-1,-1
414,19,707,0,86,46,-1,-1,-1,-1
415,5,708,106,72,194,-1,-1,-1,-1
415,19,708,0,85,46,-1,-1,-1,-1
416,5,706,111,72,193,-1,-1,-1,-1
416,19,708,0,85,47,-1,-1,-1,-1
417,5,705,112,73,195,-1,-1,-1,-1
417,19,708,0,84,48,-1,-1,-1,-1
418,5,700,116,72,193,-1,-1,-1,-1
418,19,708,0,82,49,-1,-1,-1,-1
419,5,698,117,73,193,-1,-1,-1,-1
419,19,708,0,81,49,-1,-1,-1,-1
420,5,696,119,72,191,-1,-1,-1,-1
420,19,709,0,78,50,-1,-1,-1,-1
421,5,692,119,73,193,-1,-1,-1,-1
421,19,708,0,78,51,-1,-1,-1,-1
422,5,689,119,74,196,-1,-1,-1,-1
422,19,707,0,76,52,-1,-1,-1,-1
423,5,688,119,74,197,-1,-1,-1,-1
423,19,706,0,78,53,-1,-1,-1,-1
424,5,684,116,77,206,-1,-1,-1,-1
425,5,685,118,75,203,-1,-1,-1,-1
426,5,682,118,77,210,-1,-1,-1,-1
427,5,680,120,77,211,-1,-1,-1,-1
428,5,680,129,73,202,-1,-1,-1,-1
429,5,678,132,74,203,-1,-1,-1,-1
429,21,701,0,57,69,-1,-1,-1,-1
430,5,677,137,71,197,-1,-1,-1,-1
430,21,701,0,56,69,-1,-1,-1,-1
431,5,676,139,69,191,-1,-1,-1,-1
431,21,702,0,56,69,-1,-1,-1,-1
432,5,672,141,70,195,-1,-1,-1,-1
432,21,702,0,56,69,-1,-1,-1,-1
433,5,670,144,69,191,-1,-1,-1,-1
433,21,701,0,56,70,-1,-1,-1,-1
434,5,668,144,68,190,-1,-1,-1,-1
434,21,700,0,55,71,-1,-1,-1,-1
435,5,664,144,69,194,-1,-1,-1,-1
435,21,698,0,56,72,-1,-1,-1,-1
436,5,659,143,72,204,-1,-1,-1,-1
436,21,696,0,55,73,-1,-1,-1,-1
437,5,655,143,75,213,-1,-1,-1,-1
437,21,695,0,55,73,-1,-1,-1,-1
438,5,654,147,74,211,-1,-1,-1,-1
438,21,695,0,54,75,-1,-1,-1,-1
439,5,650,154,73,205,-1,-1,-1,-1
439,21,692,0,56,78,-1,-1,-1,-1
440,5,647,161,71,201,-1,-1,-1,-1
440,21,691,0,56,80,-1,-1,-1,-1
441,5,644,164,72,200,-1,-1,-1,-1
441,21,690,0,56,81,-1,-1,-1,-1
442,5,641,166,73,201,-1,-1,-1,-1
442,21,690,0,54,82,-1,-1,-1,-1
443,5,638,166,75,204,-1,-1,-1,-1
443,21,685,0,53,81,-1,-1,-1,-1
444,5,635,168,75,202,-1,-1,-1,-1
444,21,681,0,54,84,-1,-1,-1,-1
445,5,632,167,76,206,-1,-1,-1,-1
445,21,679,0,54,85,-1,-1,-1,-1
446,5,629,168,76,207,-1,-1,-1,-1
446,21,679,0,52,83,-1,-1,-1,-1
447,5,627,169,76,208,-1,-1,-1,-1
447,21,678,0,51,83,-1,-1,-1,-1
448,5,624,172,76,211,-1,-1,-1,-1
448,21,676,0,51,83,-1,-1,-1,-1
449,5,619,176,76,210,-1,-1,-1,-1
450,5,617,176,76,213,-1,-1,-1,-1
451,5,613,177,77,218,-1,-1,-1,-1
452,5,609,183,77,220,-1,-1,-1,-1
453,5,607,187,76,217,-1,-1,-1,-1
454,5,606,189,75,217,-1,-1,-1,-1
454,21,671,0,49,83,-1,-1,-1,-1
455,5,605,192,74,212,-1,-1,-1,-1
455,21,656,0,55,89,-1,-1,-1,-1
456,5,601,201,70,195,-1,-1,-1,-1
456,21,653,0,56,90,-1,-1,-1,-1
457,5,599,204,68,189,-1,-1,-1,-1
457,21,644,0,64,99,-1,-1,-1,-1
458,5,597,204,69,191,-1,-1,-1,-1
458,21,639,0,69,102,-1,-1,-1,-1
459,5,593,202,72,197,-1,-1,-1,-1
459,21,636,0,72,105,-1,-1,-1,-1
460,5,586,192,81,226,-1,-1,-1,-1
460,21,635,0,74,107,-1,-1,-1,-1
461,5,582,192,82,232,-1,-1,-1,-1
461,21,634,0,76,111,-1,-1,-1,-1
462,5,580,194,83,232,-1,-1,-1,-1
462,21,635,0,75,111,-1,-1,-1,-1
463,5,578,197,81,229,-1,-1,-1,-1
463,21,635,0,75,113,-1,-1,-1,-1
463,23,826,0,49,48,-1,-1,-1,-1
464,5,574,205,80,227,-1,-1,-1,-1
464,21,638,0,72,113,-1,-1,-1,-1
464,23,826,0,49,48,-1,-1,-1,-1
465,5,570,208,81,231,-1,-1,-1,-1
465,21,640,0,67,110,-1,-1,-1,-1
465,23,825,0,50,49,-1,-1,-1,-1
466,5,568,212,80,229,-1,-1,-1,-1
466,21,640,0,64,112,-1,-1,-1,-1
466,23,827,0,48,47,-1,-1,-1,-1
467,5,567,215,79,227,-1,-1,-1,-1
467,21,640,0,61,111,-1,-1,-1,-1
467,23,826,0,50,48,-1,-1,-1,-1
468,5,565,218,78,223,-1,-1,-1,-1
468,21,640,0,58,111,-1,-1,-1,-1
468,23,826,0,50,48,-1,-1,-1,-1
469,5,559,217,82,235,-1,-1,-1,-1
469,21,640,0,55,111,-1,-1,-1,-1
470,5,556,218,83,235,-1,-1,-1,-1
470,21,631,0,60,123,-1,-1,-1,-1
471,5,554,220,82,231,-1,-1,-1,-1
471,21,626,0,61,129,-1,-1,-1,-1
472,5,547,222,83,230,-1,-1,-1,-1
472,21,624,0,61,132,-1,-1,-1,-1
473,5,545,226,80,224,-1,-1,-1,-1
473,21,622,0,60,134,-1,-1,-1,-1
474,5,542,229,79,221,-1,-1,-1,-1
474,21,626,0,54,128,-1,-1,-1,-1
475,5,539,232,79,217,-1,-1,-1,-1
475,21,626,0,54,129,-1,-1,-1,-1
476,5,534,235,79,219,-1,-1,-1,-1
476,21,624,0,54,134,-1,-1,-1,-1
476,24,821,0,43,66,-1,-1,-1,-1
477,5,531,241,77,217,-1,-1,-1,-1
477,21,624,0,52,133,-1,-1,-1,-1
477,24,820,0,43,67,-1,-1,-1,-1
478,5,525,238,81,233,-1,-1,-1,-1
478,21,624,0,49,130,-1,-1,-1,-1
478,24,818,0,44,69,-1,-1,-1,-1
479,5,521,234,88,256,-1,-1,-1,-1
479,21,625,0,45,126,-1,-1,-1,-1
479,24,818,0,44,70,-1,-1,-1,-1
